-0.21891 5.956
-1.1699 2.3595
-2.1934 -6.1026
-0.96509 0.53245
-1.8684 -4.314
0.011077 1.2378
-2.1164 3.8197
-1.4693 1.051
-0.64027 2.565
0.45065 4.8857
-1.2222 2.2538
-1.0231 5.3662
-1.243 -1.9008
-1.0876 5.5467
-1.3484 -2.7714
-2.348 -3.8373
-1.6814 2.699
-0.64641 2.1059
-0.4118 7.7361
0.71373 5.6679
-1.9235 -1.3035
-2.989 2.221
-0.2779 -0.15164
-0.86083 -3.3216
-0.66085 3.4264
-0.11849 -1.8358
-1.3115 5.4027
-0.64771 -0.95338
0.26604 1.8866
-0.806 -0.62069
-2.3727 4.3155
-2.2364 0.032493
-1.8871 1.852
-0.81575 4.4215
-2.5758 -0.47203
-1.4874 6.5241
-0.46061 4.0791
-2.8283 -0.55799
-1.9508 -1.9033
0.54822 3.4817
-1.6059 -0.5517
-1.7355 0.97997
1.1386 4.2046
-0.36899 9.1229
-2.8007 -6.0849
-1.0063 5.094
-0.87543 3.255
0.0087629 6.6046
-2.4997 0.71992
0.30379 5.8973
-1.5946 3.1522
0.61473 3.7256
0.48598 3.4389
1.4972 1.1708
1.7973 4.2458
-2.3668 -0.29838
-1.4627 1.2085
-0.93297 5.2615
-0.6363 6.5107
-1.5158 3.1358
-2.3532 -0.46945
-0.21578 6.2847
0.28296 3.0492
-0.11932 0.4391
-4.0845 3.6657
-0.77434 5.2979
-0.25781 5.2485
-1.2327 4.509
-2.879 2.6216
-0.018334 3.4453
-0.20064 3.018
0.4118 1.5188
-3.5456 -0.11053
-4.2584 -1.5303
-2.1509 2.1432
-0.47777 3.4415
-0.83133 3.4147
-2.7814 -0.30204
-1.6607 2.7985
-0.091908 2.7599
-2.6122 1.6883
1.1751 5.5933
-0.77526 3.6377
-2.7301 1.5884
-0.22259 -3.2907
0.90544 7.0606
-2.1076 2.343
-1.006 0.94677
-1.2725 1.4831
-0.87548 5.4466
1.1687 4.1726
1.5409 2.9334
-0.63723 4.1708
-3.1404 3.6074
-0.67247 2.6447
2.1559 4.1262
-2.2503 7.3656
-0.0019926 -3.3026
0.3475 3.281
0.53663 -0.54825
0.32958 -1.9152
-3.5704 -3.9662
-0.44235 7.2418
-1.7421 -2.4325
0.63708 4.339
0.25412 2.4028
-1.8956 -0.48088
1.0872 7.2359
-0.75663 3.7053
-0.19166 3.4243
-0.61031 4.0211
-0.10039 7.3034
-3.1856 3.3256
-1.725 0.070741
0.2809 1.2685
-1.2877 2.1389
-1.602 2.8396
-0.054229 1.2316
-1.4513 2.6024
-1.3496 1.3376
-3.1884 -0.42938
-2.647 3.6901
-2.6488 5.6654
-0.40813 5.0492
-0.5822 3.7068
0.22403 3.3324
-0.55896 3.9334
-0.39633 -0.87631
-1.2487 5.5112
-0.54101 1.8752
2.5728 4.3785
-1.722 3.4437
-2.5701 -5.2561
-2.5537 -1.5189
-1.8222 0.65627
-1.628 -2.2105
1.4021 9.1405
-2.4094 1.0687
-1.0039 4.2194
-1.1546 0.5557
1.2 3.1313
3.5636 7.5153
-1.6619 -1.3227
-1.3355 7.3718
-2.9341 2.0162
1.62 4.692
-0.87935 2.6626
-1.9319 5.4585
-0.69005 -0.2715
-2.8713 -3.4771
-2.7873 -3.0724
-2.9482 -2.5506
1.3311 6.8185
-0.36352 -1.6246
-1.3681 1.8317
-0.17188 -0.28401
-1.4865 1.027
1.9087 2.4142
0.66591 1.4103
-1.0871 -0.11306
-2.8505 0.093906
-0.3599 -3.3241
-3.6706 0.24438
-3.6232 -2.6402
-2.1551 3.9594
-1.2091 6.2284
-2.5269 -1.847
0.89411 5.9172
0.57559 6.0035
-0.15651 -0.43692
-0.67108 3.3246
-2.9314 -1.8754
-0.86634 6.8848
-1.2734 1.6762
-0.41654 2.3536
-0.2241 2.3865
-1.8992 6.4946
-1.3283 -1.3747
-0.5879 -1.1308
0.99003 2.764
-1.5787 3.4051
-0.32366 -0.22687
-1.9029 -0.52037
-2.4095 -0.41781
0.30707 2.7162
-3.0959 2.6707
-4.6686 -2.0449
-0.074102 6.3808
-3.4258 -0.66843
0.08487 6.698
-1.2115 -2.944
0.05726 2.4043
-0.0092572 6.3367
-0.10946 5.6363
-0.6482 5.3888
-0.66814 3.0097
-1.3685 6.7869
-2.68 1.6942
-1.8135 -3.2823
-1.4515 0.28089
-3.1695 -3.8709
-1.574 2.4536
-3.2779 1.1001
0.98104 3.9148
-2.2478 -3.5823
-2.0925 0.0086066
-1.0502 -1.5043
-2.8575 -1.0459
-1.4928 1.6241
-0.97525 2.9647
-1.9036 3.5046
-0.13185 4.5092
-1.8603 -0.093939
-0.86552 3.1913
-0.37143 6.2773
-1.1395 1.8447
0.11686 6.7982
-1.6946 0.13979
0.023615 6.6872
-1.7158 0.29228
-0.86954 2.6632
-0.77616 -0.1674
-2.6161 -1.6449
1.8805 1.9168
-1.2908 -2.7679
-2.3567 -2.9401
-1.8777 1.1626
-2.2129 0.87323
-0.65696 4.3871
0.57897 4.0966
-0.84511 1.4424
-2.2421 0.59425
-1.3214 -0.16072
-1.5814 -1.3436
-5.1801 -2.6863
0.89937 0.99855
-1.6701 1.104
-0.87583 0.34884
-1.5953 1.1943
-2.3265 -3.2262
-0.087311 3.5315
-1.7927 -3.1587
0.3522 1.3368
0.89279 5.4655
-3.9287 7.9631
-0.54541 -2.0225
-0.86176 0.020511
-3.7026 -3.9451
-0.03197 2.8365
-0.033962 2.2728
-0.36233 3.7949
0.061203 3.9809
-2.0902 2.408
-3.6643 -2.0485
-1.7567 1.1654
0.062449 0.22039
1.0414 -1.7457
-1.5129 -2.24
0.63162 5.7564
0.76488 5.0167
-2.6486 4.3171
-0.42229 1.0333
-0.4961 0.82402
0.36649 0.96072
-1.3272 4.4943
-3.3855 -1.7593
-1.7013 0.8445
-1.423 2.2302
-2.4031 -0.12242
-0.034908 6.8507
-0.88873 4.6157
-1.0097 1.2392
0.90056 5.0829
-0.49212 4.9039
-0.47162 2.8191
-0.67 -0.38345
0.18713 6.6131
-0.53914 4.9535
-0.43972 0.55441
-1.6605 -3.2362
0.16839 -0.20887
-2.6493 2.363
0.91042 6.6747
-0.5372 -0.034857
-1.0651 1.7724
0.18592 1.4776
0.32994 2.0776
-3.3405 -3.7598
-2.0177 1.1051
-1.0296 0.33353
1.067 3.3555
0.84662 5.9739
-0.069184 3.0154
0.13614 3.9087
-1.33 5.8687
-3.1043 -2.401
-1.399 -1.0694
-2.2818 3.6252
-0.8344 -2.2989
-1.6472 5.2512
1.7381 2.246
1.7156 2.0288
-0.43967 2.1344
-3.5279 -1.7018
-1.2911 0.9064
0.52916 -2.88
-1.0457 1.922
0.34271 5.2774
1.7391 7.463
-0.61715 3.212
-2.3132 -3.4722
-0.60793 0.6618
-0.57123 -3.0719
-0.92939 5.2611
0.68789 2.7275
-2.0175 3.6056
-0.68939 1.455
-2.7074 2.4056
-0.63036 -0.46594
-0.85702 -0.17102
-2.8745 1.8017
-0.53228 -0.98733
-0.17216 2.11
1.5712 3.4853
0.5551 6.0101
-1.1349 1.8237
-1.4159 -3.0954
-2.0681 -1.1714
-0.79764 1.4216
-2.506 3.19
1.3135 3.7635
0.4167 5.9362
-0.45452 1.3746
0.68886 0.76004
-2.876 0.81875
0.51086 0.29694
-2.497 -0.30533
-0.28477 6.8889
-3.2898 3.8004
-1.1053 7.4306
0.051663 3.2082
0.13903 -3.1269
-3.6255 -1.1802
3.0603 1.5227
-3.4009 0.12457
-4.153 -0.081029
-0.44281 -4.1277
-0.99772 2.5952
-2.0305 0.1313
0.52771 -0.32144
1.4533 0.038982
-3.5 0.20128
-3.3303 -0.12601
-0.22844 8.6384
-1.4996 0.34758
-1.4785 0.035072
-0.46051 3.5609
0.28747 -4.2024
-0.83234 4.7594
0.10813 1.5349
2.1657 -0.22061
-4.7667 -2.4287
-2.7456 2.1689
-0.033633 3.3075
-2.2447 -2.4049
-1.1831 4.4106
-0.89578 3.0834
-1.8034 1.6776
0.092191 3.5923
0.52463 7.9583
0.35404 5.0985
0.17099 -1.0595
1.4436 5.4531
-0.6536 -0.3624
-0.88139 3.2269
-1.4601 0.85439
-1.5487 1.6857
-1.1517 2.7002
-0.19669 -1.9878
-0.1746 7.0219
-0.60063 -0.050119
2.5619 3.1966
-1.4788 1.4046
-0.43059 -3.0818
-0.099337 2.4217
-3.3757 -1.5305
0.34471 1.3056
-1.9338 0.76523
-0.63756 3.7401
1.3431 2.5462
-1.3676 -0.96535
1.4784 2.1451
-2.0442 3.9813
-1.2412 4.9396
-2.0683 -0.78858
-0.0051999 5.1434
-1.9166 3.8591
-1.1009 2.3803
-1.1072 0.275
-0.37223 3.3137
-0.5162 7.7525
-1.0663 9.4815
-2.6497 -0.98128
-1.1271 2.5446
-0.92253 1.8031
-2.333 1.906
-2.8934 -4.6558
0.22729 2.5341
0.23724 1.9116
-2.795 2.4552
-1.1258 -0.51253
0.31282 2.8968
-1.1496 4.5943
-1.0255 3.5016
-0.40458 -4.5225
0.19507 4.1869
-2.9691 0.25129
1.6719 6.7097
1.9328 0.29209
0.53442 4.8804
-2.4685 4.9587
-1.6581 -0.073055
-0.8883 3.2995
-1.1015 -4.5434
-1.8234 -0.93154
-0.54126 4.8374
-0.072245 3.5943
-0.77286 4.1252
-0.59572 2.2695
0.33743 6.7745
-2.4202 -3.1916
-1.5299 5.7527
-1.6082 -0.50412
1.8236 5.7362
1.0918 1.0369
-1.0386 1.0711
-1.8326 1.0088
0.31141 4.8862
0.47362 7.3401
1.0416 1.4962
-0.43428 0.34862
-0.20714 8.6479
-2.2276 2.6955
0.15448 5.558
1.2143 4.25
-0.19484 5.6032
-2.8596 1.5325
-2.3932 4.2983
-1.5927 3.2326
1.2013 7.457
-2.1466 3.0072
-0.89327 3.3551
-1.3174 3.437
-1.4112 3.3898
-1.4165 2.627
-0.36143 6.9737
1.0028 4.7258
-1.227 3.6163
-1.8913 3.5561
-0.67415 6.3065
-0.83276 -1.6662
-1.8781 -2.3174
-0.18629 2.6339
1.0132 4.4731
-1.4049 3.1881
-2.1172 1.0626
-4.1298 4.6194
-0.045631 2.426
-1.6338 1.3681
0.90987 2.9925
-0.76058 8.5743
-0.52288 5.3555
-0.97952 0.44603
-3.213 0.45712
0.30012 4.9708
-0.91453 4.0036
-1.8725 -4.6424
-0.34368 2.5418
-3.3339 0.30981
-2.2991 0.27566
-3.4076 1.7851
1.9201 4.5569
-1.7956 -4.6738
-1.238 2.3275
-2.2287 -4.7187
-0.31555 3.0884
0.80591 3.8676
-0.98438 5.5801
-2.1853 -2.5317
0.50676 3.2657
1.2236 -2.7692
-0.44859 4.4335
-3.4315 3.5708
-1.9351 1.8115
0.75774 0.97845
-0.22483 -0.36989
-1.8338 1.2685
-1.0015 0.10317
-0.26044 11.049
-0.89128 3.2464
