5.9684 -10.849
4.1858 -14.468
7.9763 -13.014
5.3575 -10.262
5.2711 -12.143
7.6946 -14.415
4.6054 -6.3881
5.5821 -10.645
6.4467 -9.7807
7.3957 -13.077
6.5861 -12.212
6.1326 -11.382
6.9367 -15.05
5.7942 -10.039
6.0122 -12.689
4.7536 -7.911
4.3457 -10.923
5.3921 -9.4309
5.7506 -9.535
10.033 -14.524
4.4627 -11.023
5.4281 -12.918
4.0352 -13.283
6.7996 -12.647
6.1663 -15.615
5.1768 -10.627
4.7843 -14.105
7.3665 -12.268
5.0445 -12.318
4.394 -10.021
3.9603 -10.708
7.7697 -13.869
4.6008 -8.4734
7.1809 -12.363
6.5974 -12.911
5.3614 -13.056
7.7808 -13.039
7.6652 -11.274
3.6542 -13.8
8.2924 -9.923
4.2871 -11.393
5.3788 -10.953
7.5302 -13.642
9.1272 -15.834
7.309 -11.822
5.9307 -14.175
8.2583 -13.807
5.2454 -11.344
6.4431 -12.79
4.6606 -13.266
5.3147 -12.757
4.4898 -10.48
4.5249 -12.783
6.6206 -16.327
7.4672 -16.108
7.6324 -13.542
8.3787 -13.959
5.8207 -13.288
5.1119 -9.4516
3.8207 -7.5331
7.9349 -10.626
8.847 -11.65
7.6812 -13.649
5.7469 -12.949
8.0308 -13.369
1.1743 -9.5954
4.021 -8.5441
6.0049 -12.632
6.6577 -15.397
3.208 -7.7667
4.5553 -12.491
8.0365 -15.107
4.6924 -11.407
6.3135 -13.904
6.4188 -11.991
5.9243 -11.424
7.0175 -10.693
8.1632 -13.294
6.4652 -15.103
2.2615 -11.136
5.8679 -10.43
4.0287 -8.6468
6.2853 -11.734
5.1298 -11.447
6.2887 -12.894
3.7186 -9.859
8.2655 -12.668
4.5885 -11.962
7.9532 -12.817
7.1756 -14.019
6.2697 -9.3129
6.311 -10.783
5.0373 -10.939
7.4278 -14.16
2.8094 -10.896
3.2202 -10.675
3.8374 -13.234
7.0545 -12.286
7.4236 -13.605
6.4843 -10.508
5.8058 -11.568
5.2039 -10.882
5.9948 -8.8371
3.839 -9.3865
6.4042 -10.557
4.2895 -13.192
6.743 -14.065
10.336 -16.922
4.4086 -10.775
5.8413 -11.612
6.5722 -12.968
7.501 -9.8999
4.5696 -10.509
2.9224 -9.8637
5.6899 -11.94
2.8171 -7.1275
5.7252 -12.049
5.0506 -9.9479
7.327 -9.8786
4.8574 -13.358
5.3666 -12.842
6.6869 -11.739
5.8293 -14.538
6.0637 -10.207
4.5825 -11.655
2.6345 -10.499
9.0832 -14.384
2.9089 -11.921
5.3323 -12.349
5.737 -11.042
7.0141 -12.223
5.7865 -13.176
4.9877 -8.4355
4.9744 -11.125
4.1871 -8.6474
4.6082 -10.784
6.2355 -11.937
7.3435 -13.752
4.6764 -7.211
6.1624 -11.142
9.0964 -13.666
0.85564 -9.2443
6.4622 -11.813
6.5434 -11.176
4.3916 -8.7052
8.4288 -12.556
3.426 -9.3906
7.611 -9.865
7.2187 -15.925
4.3871 -11.286
7.6208 -11.967
5.9581 -11.353
2.7959 -9.0627
3.7681 -9.2333
5.0463 -10.9
2.8016 -6.1277
3.5051 -9.85
5.8492 -13.943
5.8533 -14.125
5.5025 -11.824
8.5384 -9.9558
6.2958 -12.05
7.9197 -16.499
5.3655 -12.67
3.758 -6.172
6.1829 -12.704
2.2903 -10.858
1.5106 -7.7884
4.1776 -7.9688
6.3907 -13.695
7.2941 -12.13
6.6985 -16.395
7.6619 -11.961
4.6373 -12.415
5.4437 -8.175
5.7733 -13.489
6.4885 -12.941
4.5045 -10.903
6.6175 -12.526
6.362 -13.422
4.5621 -9.4088
5.06 -13.487
9.2791 -13.072
5.4306 -8.1067
5.5756 -12.443
6.1213 -14.387
6.6447 -12.321
5.1064 -15.445
6.6935 -13.8
7.156 -14.844
7.605 -9.5283
8.1962 -13.335
5.4401 -12.995
4.2786 -8.9249
4.4887 -10.092
5.2163 -13.612
7.5568 -14.598
6.9823 -13.287
10.01 -14.561
5.9442 -9.9757
2.6925 -10.092
3.5492 -12.297
3.2834 -9.338
3.5602 -14.243
5.091 -12.943
3.4615 -11.168
2.6844 -12.352
6.1418 -12.024
7.1844 -12.41
6.8494 -10.031
4.7797 -12.076
6.0117 -13.693
9.2399 -12.392
7.1334 -12.7
5.8403 -10.164
7.1099 -13.677
5.5533 -14.969
5.9624 -9.4099
7.6535 -16.203
6.6425 -12.368
6.0732 -16.758
4.6713 -11.305
4.9579 -10.813
5.6653 -14.634
4.8306 -11.891
3.0473 -11.248
5.4022 -15.092
10.487 -13.761
7.4863 -13.613
5.1998 -13.878
5.3909 -13.054
2.9078 -12.819
7.6474 -13.627
6.646 -16.174
7.5019 -12.56
9.3765 -13.462
6.6163 -12.182
5.1116 -11.38
7.3811 -12.186
2.1143 -9.6423
4.805 -10.323
4.0249 -9.6163
4.8592 -9.3717
7.4418 -13.079
7.4037 -14.8
6.7628 -8.262
6.8656 -10.867
9.4901 -16.303
3.4383 -11.95
5.5952 -11.608
6.6144 -14.935
5.4339 -9.2795
6.6453 -10.72
2.2689 -9.3661
9.5971 -14.626
10.817 -14.528
6.9383 -13.991
4.5488 -9.8499
5.2153 -11.504
6.9513 -13.802
7.0113 -13.498
5.6519 -11.259
5.8698 -10.152
6.2477 -11.196
6.8569 -12.687
4.6816 -12.975
5.3864 -11.385
5.1052 -10.483
7.816 -11.117
5.4754 -11.46
7.6136 -16.422
6.6964 -12.313
3.5046 -10.627
4.9392 -14.386
4.9237 -10.063
8.0692 -10.458
4.2854 -13.202
2.4351 -10.649
6.3072 -13.568
4.0817 -10.747
6.3633 -12.646
4.1283 -8.6885
4.677 -11.555
5.8376 -12.776
5.1454 -10.068
4.3706 -11.73
6.4662 -12.062
6.6386 -15.953
4.6165 -9.6026
6.9087 -14.834
5.6495 -12.379
6.6572 -14.88
5.4733 -8.3645
5.6713 -12.16
6.8162 -14.277
5.989 -10.089
6.3203 -11.374
6.6107 -13.631
5.3337 -8.5967
6.8479 -15.475
9.8677 -12.351
4.9032 -11.209
2.6046 -10.613
5.487 -12.413
4.6035 -9.8482
5.9393 -9.1827
6.3992 -11.297
3.9607 -11.593
4.6324 -9.4262
3.2796 -11.165
6.4361 -11.355
7.0031 -13.205
5.3274 -11.457
7.5775 -10.384
5.6735 -11.555
4.1929 -7.3873
6.1514 -10.885
3.3049 -10.818
8.6062 -13.849
6.3548 -12.314
5.6591 -13.727
5.9307 -14.69
2.0465 -5.3042
5.7143 -9.4279
8.1171 -13.107
5.5304 -15.285
7.3019 -10.96
5.046 -13.108
5.8366 -13.698
6.8861 -14.062
4.9617 -8.5806
7.4101 -13.357
5.1294 -12.969
4.3188 -9.5643
4.226 -11.315
4.2 -9.881
6.8607 -13.46
1.838 -8.5797
9.69 -9.8425
3.966 -13.981
5.0856 -13.85
0.84559 -11.283
10.318 -11.477
4.4503 -10.708
7.7043 -14.382
7.5072 -11.848
1.7596 -7.806
6.1201 -9.3815
6.5202 -10.995
6.0636 -14.435
6.7283 -7.1436
4.0592 -10.637
3.9144 -10.992
4.6205 -11.584
7.0283 -10.295
6.2984 -11.694
3.6999 -11.34
6.3316 -10.641
5.3761 -10.934
4.5437 -13.236
7.3626 -11.432
4.6983 -9.2766
4.626 -10.173
6.4774 -11.609
6.8972 -14.119
5.1987 -13.161
4.6171 -10.711
5.7891 -12.703
5.2474 -8.4486
4.4629 -11.234
5.4394 -12.455
7.479 -13.812
2.7891 -8.9737
3.3312 -12.052
5.0557 -8.6395
3.3724 -7.4511
6.6522 -14.62
4.6729 -11.049
5.5233 -12.119
4.7838 -14.022
5.6417 -12.153
5.1515 -12.892
7.8361 -11.997
7.4947 -14.393
4.0568 -12.412
3.2737 -10.036
4.9378 -10.744
6.8934 -11.692
6.1443 -11.21
7.8806 -16.039
4.7101 -7.7706
3.9042 -11.355
6.8317 -11.441
5.6945 -14.735
8.3385 -13.381
6.0206 -11.932
6.3347 -10.505
2.5772 -9.9973
6.8784 -12.382
8.305 -14.178
7.8796 -15.155
8.1069 -13.433
3.6616 -12.251
5.6626 -12.132
6.493 -9.7693
7.132 -13.04
2.5812 -4.9935
8.59 -11.368
4.2194 -6.0169
5.4803 -11.205
8.5876 -15.036
3.6753 -7.6197
6.888 -15.206
6.4952 -13.741
3.776 -11.32
6.2165 -7.8733
6.2394 -11.981
7.201 -14.221
5.6004 -16.028
6.4404 -10.214
4.3686 -8.2037
6.5955 -12.018
4.5971 -12.007
7.9172 -15.288
8.7995 -15.555
4.8554 -9.9439
3.3862 -11.639
5.9847 -12.648
5.8067 -10.582
3.2714 -10.131
5.6386 -11.082
8.7245 -14.504
4.6774 -13.704
6.2766 -10.569
9.3662 -12.362
6.0153 -8.0754
4.955 -12.175
6.3582 -13.685
4.5708 -11.523
3.5957 -9.6765
5.9112 -10.433
7.0752 -14.076
6.5697 -11.743
6.4988 -13.315
6.2438 -12.053
6.7588 -13.34
2.9118 -11.426
5.2879 -10.432
5.9159 -12.06
3.9676 -10.647
6.8437 -12.615
10.165 -12.164
3.101 -9.3323
4.5852 -6.0465
5.6676 -12.244
4.8083 -12.812
6.7777 -11.47
4.8071 -12.481
7.1874 -12.961
5.3077 -12.391
6.831 -10.564
3.9118 -11.343
7.5236 -15.867
2.3671 -7.4479
7.9634 -15.823
6.2109 -12.085
2.3699 -8.9378
7.5867 -13.289
1.4042 -9.6424
8.0071 -12.816
7.6717 -13.695
5.3239 -12.659
4.3315 -11.808
10.012 -13.48
4.8639 -8.8535
6.8451 -12.847
5.7056 -14.13
4.9225 -13.136
0.39606 -7.8623
4.7586 -9.4234
5.362 -13.901
5.5837 -11.549
3.1194 -12.455
5.6134 -11.8
7.5418 -13.466
7.72 -11.147
5.4143 -9.2597
8.9842 -14.765
6.4559 -11.011
6.9333 -14.302
7.5825 -13.614
2.9759 -9.0508
3.884 -11.273
7.2758 -14.542
5.4989 -11.791
6.6261 -12.569
9.2061 -14.545
3.7285 -11.442
5.4821 -14.701
5.4432 -13.536
