0.17391305
0.20652173
0.20652173
0.21014492
0.21376811
0.25362319
0.24275362
0.31159419
0.25724638
0.21014492
0.23188406
0.29710144
0.33695653
0.37681159
0.35869566
0.41304347
0.47826087
0.42753622
0.51811594
0.55072463
0.57608694
0.54710144
0.55434781
0.59057969
0.60144925
0.615942
0.57608694
0.59057969
0.60507244
0.63043481
0.64130437
0.6630435
0.634058
0.5869565
0.56884056
0.5869565
0.64130437
0.63043481
0.6630435
0.61956519
0.67028987
0.65217394
0.67028987
0.65217394
0.65579712
0.44927537
0.29710144
0.34782609
0.34420291
0.35144928
0.37318841
0.38405797
0.38405797
0.38768116
0.40942028
0.42391303
0.4710145
0.5
0.48550725
0.5289855
0.51811594
0.60144925
0.58333331
0.61956519
0.59782606
0.5869565
0.6630435
0.67753625
0.67028987
0.63768119
0.69565219
0.66666669
0.63768119
0.692029
0.64492756
0.692029
0.70652175
0.63768119
0.65217394
0.71376812
0.70652175
0.73188406
0.73188406
0.73913044
0.7210145
0.69927537
0.76086956
0.69565219
0.72826087
0.7210145
0.74637681
0.73550725
0.72826087
0.75
0.77173913
0.77173913
0.77173913
0.79710144
0.81884056
0.82971013
0.75
0.85507244
0.67753625
0.76449275
0.76449275
0.76811594
0.692029
0.6630435
0.692029
0.7210145
0.77536231
0.7789855
0.80434781
0.81884056
0.8369565
0.86231881
0.84057969
0.88768119
0.9130435
0.84420288
0.93478262
0.93115944
0.88043481
0.90942031
0.95289856
0.90217394
0.884058
0.96014494
0.92391306
0.92391306
0.89855075
0.95652175
0.79347825
0.93115944
0.93115944
0.95289856
0.96014494
0.93478262
0.95289856
0.94565219
0.89855075
0.90217394
0.96739131
0.93478262
0.97463769
0.9710145
0.97463769
0.94927537
0.93478262
0.93115944
0.94927537
0.97463769
0.86956519
0.98188406
0.94927537
0.97826087
0.99275362
0.94927537
0.92028987
0.98188406
0.92028987
0.9710145
0.95289856
0.96376812
0.97826087
0.94565219
0.94927537
0.96739131
0.96014494
0.96376812
0.97463769
0.97463769
0.97826087
0.97826087
0.9710145
0.75362319
0.72826087
0.8369565
0.88768119
0.90579712
0.88768119
0.92753625
0.94927537
0.88768119
0.96739131
0.96014494
0.96376812
0.9710145
0.87681162
0.94927537
0.95652175
0.98550725
0.98913044
0.96376812
0.97826087
0.97826087
0.98550725
0.97463769
0.98550725
0.98188406
0.96739131
0.96376812
0.95652175
0.9710145
0.97826087
0.98188406
0.96014494
0.98913044
0.96376812
0.92753625
0.9710145
0.96739131
0.97463769
0.98550725
0.98550725
0.98550725
0.91666669
0.942029
0.98550725
0.98550725
0.98913044
1.
1.
0.95652175
0.98550725
1.
1.
1.
1.
0.98913044
0.91666669
0.97463769
0.98913044
1.
1.
1.
1.
1.
1.
1.
1.
1.
1.
1.
1.
1.
1.
1.
1.
1.
1.
1.
1.
1.
