2.1658435
1.3659836
1.7575407
1.4441295
1.7516791
1.4752861
1.82759
1.4951292
1.8753738
1.4900084
1.9891601
1.487463
2.153737
1.4858305
2.0114546
1.2780206
2.2569838
1.4129068
2.3833752
1.4292647
2.4075804
1.4347861
2.1389647
1.3862636
2.296
0.89842695
1.8448087
0.715943
1.6456891
0.72728467
1.4249545
0.62846196
1.312174
0.6117724
1.1510446
0.54072356
1.1479814
0.44764376
1.1367388
0.235431
1.1591184
0.17052609
1.1317549
0.17453511
1.123253
0.19131146
1.1297977
0.18911673
1.1265522
0.1192175
1.1149118
0.13859849
1.104785
0.28203624
1.1137192
0.1332796
1.0957179
0.101711474
1.1449794
0.37156343
1.1404598
0.24240074
1.1204295
0.116324015
1.1680835
0.13899237
1.1315106
0.20644802
1.1860554
0.37028453
1.1418124
0.21296601
1.1210039
0.1658151
1.1129686
0.074741215
1.125474
0.105343394
1.0923095
0.07321133
1.1066247
0.03885473
1.0665679
0.101042554
1.0826039
0.05716252
1.0758026
0.13292731
1.0779681
0.18122625
1.0873587
0.08300731
1.60736
1.8850777
1.4437236
0.6860012
1.5574822
1.8504581
1.9148618
1.6477411
1.9534245
1.1372315
1.6712579
0.91647506
1.5665462
0.81827813
1.4843292
0.7711043
1.4034607
0.7642765
1.2829857
0.7786862
1.1675918
0.7180829
1.2057815
0.7784983
1.2120465
0.7099176
1.2752898
0.57957464
1.1981202
0.43280855
1.1769652
0.38542265
1.179508
0.235789
8.266115
0.60335016
1.1843861
0.25059038
1.1580844
0.15304507
1.1603243
0.17701524
1.1346433
0.13323902
1.1335222
0.26601234
1.1464224
0.5149902
1.1662415
0.34978995
1.1535268
0.16336693
1.1497487
0.13021992
1.0962673
0.060510624
1.0688534
0.07172992
1.1498828
0.064960934
1.1179943
0.22358187
1.1766202
0.24692897
1.1333845
0.100321755
1.0537082
0.07777865
1.0239122
0.2983053
1.0266225
0.035497174
1.1178541
0.067292646
1.0701845
0.057754435
1.0967363
0.026556099
1.0317278
0.08069298
1.0803432
0.058254346
1.0565109
0.09882751
1.0788534
0.072810285
1.0561285
0.0823879
0.9384661
0.27169
0.9097608
0.012440228
1.1581829
0.67171717
1.037744
0.025627336
0.9997643
0.02992143
0.9892032
0.0075608045
0.998194
0.07455159
0.7138105
0.055313613
1.006108
0.026818186
0.71457404
0.98111945
0.8318673
0.15643899
0.73068124
0.048931457
1.1931581
0.1329556
1.1750902
0.074961774
0.9506607
0.007861388
1.0494537
0.21552613
0.97059685
0.23882923
0.9913273
0.30497843
1.0009717
0.19657668
0.90428287
0.089982875
0.8846914
0.0075358404
0.7962973
0.08075016
0.834018
0.0123896
0.8749287
0.019529324
0.6001506
0.004139902
0.60457265
0.017029371
0.5678165
0.005086695
0.69923913
0.011747586
0.6663499
0.011778806
0.24773866
0.17084427
0.20116283
0.015641976
0.14639755
0.010797411
0.11664158
0.03005956
0.25757772
0.0027879914
0.21737285
0.0035276108
2.0392525
0.009179413
0.10529329
0.0016632546
1.1175976
0.0028112913
0.056565974
0.0017158561
0.082299195
0.002043899
0.14839655
0.0027195157
1.9751681
0.000836261
0.0634829
0.12793396
0.15021944
0.0027221313
0.08105646
0.0025555592
0.08517959
0.0019411071
0.04500243
0.0014303225
1.8444465
0.00090653327
0.10943596
0.0007161913
0.2982518
0.0003496989
0.090905264
0.07604032
0.1771227
0.0024139332
0.4637425
0.00026615892
0.028459594
0.00040248877
0.21777438
0.0004973367
0.025930552
0.00046099524
0.028824037
0.000547855
0.13665184
0.0004470541
0.27140096
0.000115626324
3.0071213
0.0042790286
3.0402381
0.00073989667
0.042411994
0.0024692304
0.014416935
0.0002565055
0.057017047
0.00037722624
0.014226209
0.00021479207
1.8109574
0.0003056059
0.011819569
0.0003302744
0.012907411
0.0007319155
0.0148792025
0.00011312322
0.23809095
0.00010656743
0.05689847
0.005443156
0.11469515
0.00021026308
0.06772576
0.00013076403
0.12980174
0.00012599629
0.018981481
0.00036805056
0.02230719
9.858122e-05
0.042488657
0.009825321
3.028204
0.0010365833
0.07086985
0.00079111743
0.18945935
0.00021491126
0.3414239
0.00029583368
0.054088816
0.00030381832
0.05734917
0.00012420837
0.59042126
0.0002472095
0.053187884
0.0023356795
3.6105516
0.0031779523
1.2829777
1.3138875
0.95377827
0.35863405
1.4653907
0.00272653
1.9137194
0.003601139
2.011376
0.0003695997
0.091139816
0.00017391123
0.09069451
0.00022456508
0.36198565
0.00063756644
0.22440408
0.0003121604
0.6710046
0.00024041624
0.08323396
0.00018177765
0.0070276693
0.00016449529
0.16667339
0.37294498
0.033034794
0.007802367
0.015612518
0.0013694918
0.03624255
0.0005351065
0.012210028
0.0005852655
0.02572563
0.00044657747
0.03460455
0.0010980298
0.01051847
0.00079040276
0.011079222
0.00050889415
0.011910867
0.00035613394
0.25545776
0.00039784145
0.37417734
0.0002883257
0.08108834
0.000629227
0.15989631
0.000892241
0.32427818
0.00039641152
0.14770478
0.0003047717
0.026964055
0.00024387246
0.020392755
0.00024697115
0.3395156
0.00036006642
0.0070648384
0.00019703354
0.062117074
0.00022480344
2.6524117
0.0029403807
0.044262305
0.00826711
0.004086597
0.0011186302
0.0042440114
0.0033731726
0.0046898844
0.0011472079
0.0204772
0.00048208536
0.014812489
0.00042024365
0.021778245
1.1976211
0.055455722
0.09537847
0.06490463
0.058153685
0.087984025
0.016756736
0.026238207
0.017438069
0.02668274
0.01290894
0.014240665
0.010626281
0.011216089
0.027564952
0.03353511
0.0039145523
0.01276842
0.0016200525
0.019940509
0.0017698829
0.007965466
0.0017638139
0.008507793
0.0017566739
0.006228441
0.001538285
0.046911776
0.0025208383
0.065032534
0.0013362773
0.19601564
0.00065138575
0.3891714
0.0004534885
0.14129719
0.0004478882
0.056157973
0.00043025296
0.03192823
0.0004244142
0.022658732
0.00041786046
0.017001947
0.00040630193
0.013398841
0.0003952199
0.010421972
0.00038342277
0.00808455
0.0003695997
0.0064055366
0.0003537506
0.0051936703
0.00033635204
0.004277723
0.00031799983
0.0035451916
0.00029857468
0.0029302777
0.00027843413
0.0023940732
0.00025948495
0.0018949425
0.00023982034
0.001496625
0.00021920186
0.0012198396
0.0001982254
0.0010207448
0.00017784444
0.00086663355
0.00015829741
0.00073918194
0.00013994191
0.0006283931
0.00012313561
