0.5812146663665771
0.6108757257461548
0.6447740197181702
0.6588982939720154
0.6461864113807678
0.6829096078872681
0.6843220591545105
0.6970338821411133
0.7019773721694946
0.7175140976905823
0.7266949415206909
0.7026836276054382
0.7344632744789124
0.7450565099716187
0.7330508232116699
0.7528248429298401
0.7740113139152527
0.7683615684509277
0.7740113139152527
0.7973163723945618
0.7944915294647217
0.8156779408454895
0.8156779408454895
0.8290960192680359
0.8319209218025208
0.8396892547607422
0.8608757257461548
0.8637005686759949
0.8206214904785156
0.8735875487327576
0.8785310983657837
0.8905367255210876
0.8679378628730774
0.8813559412956238
0.8884180784225464
0.8862994313240051
0.9067796468734741
0.9004237055778503
0.8855932354927063
0.9053672552108765
0.895480215549469
0.8792372941970825
0.8968926668167114
0.8884180784225464
0.903954803943634
0.903954803943634
0.903954803943634
0.9307909607887268
0.9406779408454895
0.9173728823661804
0.9293785095214844
0.9081920981407166
0.9081920981407166
0.9237288236618042
0.9230226278305054
0.9385592937469482
0.9131355881690979
0.9209039807319641
0.950564980506897
0.9336158037185669
0.9364407062530518
