2.7308416
2.3735769
0.4641434
2.363569
0.3966142
0.51901585
1.4681526
2.3319304
0.6796557
0.43189037
2.2114775
0.5874082
2.0505903
0.27805498
0.522403
1.1540596
0.22342256
0.74930483
0.4818747
1.8259323
0.84456563
2.0867558
0.21038347
0.48397306
1.08597
0.14464194
0.366118
0.34141967
1.8995705
0.9855733
1.8531883
0.2417175
0.4880004
0.86780435
0.20899788
0.17016777
0.50280094
1.2838534
0.9529751
1.9125772
0.18436722
0.32492483
0.9636543
0.36296013
0.22040199
0.1449663
1.0584512
0.76544845
1.0997739
0.14393528
1.0111635
0.71719664
0.239026
0.6036369
0.18352994
1.1185489
0.4588096
1.9537104
0.12148079
0.57136
4.376381
1.7613478
0.20758496
0.14509407
1.2946872
0.42977667
1.4524171
0.10923399
0.803479
0.63394195
1.5926845
0.14126469
0.19424605
0.81162626
0.4921255
1.6216179
0.13994497
0.8667798
0.7620684
0.13577749
0.13172099
0.18261065
0.93651724
0.23329398
1.5519751
0.11896447
0.41150552
1.1008143
0.28040776
0.12534067
0.29716685
0.80746055
0.50474745
1.5473619
0.10187697
0.28819543
0.64998513
0.80780375
0.21900281
0.14935985
0.5590099
0.3398546
1.605237
0.105229445
0.44737598
0.4207263
0.8710014
0.10631069
0.20030165
0.42059112
0.33762303
1.515275
0.0886217
0.3969568
0.32662094
0.6496478
0.075235255
0.29477483
0.42255557
0.43251023
1.2397859
0.24850063
0.9918575
0.29583132
0.049758878
0.07572164
0.26162136
0.9137701
0.4313756
0.7971458
0.10390296
0.24018887
0.3653724
0.029437706
0.07495636
0.2397331
0.76751983
0.4976353
1.8131883
0.17021422
0.13761686
0.24719797
0.026911257
0.20925
0.43515188
0.402475
0.40755147
1.3153868
0.10438687
0.53196347
0.3717705
0.038908046
0.0824676
0.46670806
0.6158072
0.42421922
0.6485503
0.11313602
0.3826045
0.2501093
1.3739259
0.046202656
0.26754037
0.42599493
0.4966374
0.5050807
0.07390433
0.4858054
0.31352314
0.046250805
0.035200987
0.6385624
0.22517872
0.40432346
0.43338376
0.16760615
0.29822674
0.5409786
0.49529517
0.034568273
0.6040722
0.5124871
0.20187646
0.44303957
0.24066643
0.11894563
0.2581133
0.33949623
0.027770774
0.6834684
0.68228513
0.49358058
0.24231382
0.20918687
0.13833039
0.107994564
0.06801515
0.048493188
0.75568897
0.3096978
0.33907533
0.32381743
0.42656267
0.04310953
0.11155057
1.7680902
0.05513786
0.6525166
0.43940696
0.16119993
0.44167098
0.12594089
0.16918787
0.05829573
0.027024858
0.04025978
0.11029693
0.8777987
0.13036266
0.5380721
0.27240217
0.14884277
0.039424688
0.04277424
0.06998992
0.5413481
0.21703534
0.1938869
0.13414468
0.7503283
0.0146412235
0.042706624
0.012750884
0.057999246
0.06654832
0.50285995
0.21757205
1.0997263
0.27367976
0.009752957
0.014595876
0.0044659637
0.06008234
0.5872196
0.10457812
0.1949983
0.31010476
0.12075672
0.12721917
0.044634376
0.0019092204
0.03853166
0.041006073
0.021479832
0.98041093
0.9473485
0.8907663
0.2778273
0.0651821
0.00877087
0.009279456
0.12539662
0.07562725
0.19060138
0.8928554
0.16908601
0.085019745
0.07518759
0.020351054
0.15379223
0.17804967
0.065900095
0.08648194
0.27125537
0.40101868
0.02949176
0.0052280617
0.10157773
0.011379103
0.37933177
0.033904046
0.39541975
0.11948316
0.24620941
0.30900985
0.002166664
0.010575679
0.2200789
0.10018836
0.14747037
0.9553632
0.8089702
0.32117423
0.70484847
0.008351167
0.010798118
0.0031065322
0.026173873
0.13000472
0.6421704
0.56214714
0.26072285
0.110603385
0.020405369
0.015541629
0.0010620675
0.057456776
0.1334409
0.47747165
0.1374738
0.14859621
0.14036825
0.03415396
0.010034236
0.010685136
0.19106501
0.04402209
0.38120988
0.12789945
0.038200114
0.013906959
0.010864864
0.0061301067
0.00069820345
0.10936202
0.28289336
0.3541383
0.1802226
0.41087598
0.011648025
0.0016250513
0.01404685
0.0022073446
0.14018612
0.17868118
0.14960007
0.12066301
0.062008623
0.008128301
0.009494626
0.0023036867
0.0005353448
0.015278214
0.13946769
0.13309638
0.09738543
0.05625827
0.2079063
0.0059868535
0.0010484919
0.008656359
0.26270813
0.08804254
0.1786059
0.19246909
0.2520354
0.0018292613
0.00093404524
0.0017734529
0.0005878866
0.28377032
0.14446594
0.19208097
0.13994901
0.4994647
0.030051693
0.14701138
0.0028715588
0.27678883
0.13704847
0.023465667
1.2216182
0.047566168
0.04843254
0.008355068
1.4349191
0.0015769678
0.102332816
0.05498984
0.009268708
0.37588474
0.029782932
0.3664721
0.25093105
0.004116396
0.034837708
0.010545954
0.03901995
0.56568193
0.11781874
0.43384027
2.0598989
0.016878529
0.006805693
0.003198985
0.0014634148
0.070708476
0.39760104
0.057545688
0.80423135
0.43544316
0.053097792
0.0015989864
0.9339502
0.024196789
0.22525409
0.15889093
0.7332669
0.067159675
1.354163
0.0034136851
0.0026941928
0.20442836
0.0006067104
0.013825368
0.047351535
0.12418381
0.68594056
0.044613283
0.0023701692
0.0037433093
0.0021222944
0.0006590102
0.014072827
0.027679173
0.30644608
0.4373863
0.074025
0.0022308957
0.010274023
0.002252781
0.00022814056
0.04011973
0.029616525
0.07619796
0.4177613
0.57536966
0.004422527
0.009955514
0.0031708223
0.00054261263
0.06736241
0.053888906
0.038640395
0.11293405
1.1674484
0.0059202556
0.042540524
0.00096751127
0.00010346831
0.120528385
0.048036207
0.030173497
0.05346218
0.5264423
0.0020562713
0.08728205
0.0024748193
0.0004177413
0.0715395
0.13364555
0.00835826
3.3104496
0.27946043
0.15693504
0.002415717
0.0019882212
0.00055917364
0.072545014
0.010133485
0.014795811
1.2399207
2.8184862
0.0017453689
0.007958489
0.0052592494
0.0006847421
0.105574474
0.08646849
0.011292001
0.09799898
0.082938634
0.003919302
0.014660842
0.018135093
0.0007083291
0.14941981
0.0655641
0.012722989
0.8924475
0.054398656
0.0036164615
0.16926014
0.017348211
0.00058169133
0.083174944
0.09732995
0.4451192
0.20681791
0.008986977
0.002230301
0.85639995
0.014281328
0.005786809
0.014870277
0.20116283
0.015423312
0.20349589
0.20939253
0.20489098
0.0016114833
0.002669107
0.0004595654
0.038144693
0.09700771
0.18408076
0.14939815
0.20793207
0.0759495
0.0049227704
0.0005044856
0.003570968
0.0026384327
0.23887804
0.015505126
0.040162675
0.08744928
0.045020323
0.001516741
0.008018328
0.008626103
0.032283448
0.054003548
0.09327018
0.046406616
0.073168784
0.0032569717
0.011369085
0.00075740734
0.02169006
0.03038549
0.00649958
0.61298656
0.8025951
0.026268864
0.0025689953
0.011636949
0.002843149
0.0042841327
0.0065578492
0.09372335
0.09229443
