0.5819209218025208
0.6271186470985413
0.6341807842254639
0.6362994313240051
0.6419491767883301
0.6673728823661804
0.6716101765632629
0.6807909607887268
0.6822034120559692
0.7076271176338196
0.7175140976905823
0.7196327447891235
0.741525411605835
0.7521186470985413
0.7662429213523865
0.7612994313240051
0.8001412153244019
0.7902542352676392
0.8142655491828918
0.8206214904785156
0.8213276863098145
0.8220338821411133
0.8283898234367371
0.8248587846755981
0.8382768630981445
0.8531073331832886
0.8707627058029175
0.8516949415206909
0.8820621371269226
0.8658192157745361
0.8559321761131287
0.8827683329582214
0.887005627155304
0.8968926668167114
0.8919491767883301
0.8848869800567627
0.8968926668167114
0.9131355881690979
0.9018361568450928
0.9279661178588867
0.915960431098938
0.9018361568450928
0.9258474707603455
0.9378530979156494
0.9166666865348816
0.8700565099716187
0.9088982939720154
0.9258474707603455
0.9329096078872681
0.9173728823661804
0.9216101765632629
0.9314971566200256
0.9138417840003967
0.930084764957428
0.9463276863098145
0.9180790781974792
0.9004237055778503
0.9427965879440308
0.9230226278305054
0.9364407062530518
0.9357344508171082
0.9420903921127319
0.9498587846755981
0.9583333134651184
0.9350282549858093
0.9463276863098145
0.9639830589294434
0.9385592937469482
0.9329096078872681
0.9265536665916443
0.9632768630981445
0.9442090392112732
0.959039568901062
0.9357344508171082
0.9194915294647217
0.9548022747039795
0.9435028433799744
0.9413841962814331
0.9378530979156494
0.930084764957428
0.9399717450141907
0.9463276863098145
0.9420903921127319
0.9519773721694946
0.9562146663665771
0.9668079018592834
0.9435028433799744
0.9194915294647217
0.9237288236618042
0.9435028433799744
