2.277065
1.5558178
0.57857347
0.5900699
0.5975361
1.8337916
2.0203521
0.33326846
1.8926418
1.9936363
1.5953192
0.36146715
0.15971099
0.4476647
1.6574636
1.7522988
0.22500083
2.0961537
1.804347
1.4722553
0.28762344
0.11608055
0.26990533
2.3522415
1.4533961
0.16914268
1.6009123
1.6028064
1.3595967
0.4470005
1.3172963
0.20749381
1.4391294
1.2851188
0.20203456
1.379552
1.582731
1.2482296
0.60868084
0.07158811
0.14579362
1.3705742
1.3063459
0.2105073
1.9239548
1.3106391
1.4784864
0.8818908
0.069088966
0.13296029
2.054119
1.1836271
0.14381707
1.5192182
1.2133535
1.303824
0.8455736
0.05344557
0.13326563
1.4459287
0.8376155
0.14353281
1.2520801
1.1994197
1.2080791
0.48467273
0.04321514
0.15494324
1.3028772
0.85847455
0.07797892
0.9742118
1.0144992
0.9094455
0.27286163
0.08076533
0.116129376
1.3785638
0.706462
0.053340133
1.0565223
0.95770395
0.9524782
0.5053273
0.041085478
0.12873816
1.568712
0.90404564
0.041685157
0.67397684
0.64680624
1.1578028
0.1757275
0.029279346
0.08518539
1.4132236
0.69633985
0.045866814
0.70708436
0.7182376
0.9978115
0.6302522
0.03650084
0.11805978
1.5715259
0.4140815
0.041605685
0.93777853
0.69188106
0.8921783
0.07674339
0.011514163
0.07631427
1.1875559
0.6070561
0.030087668
1.1103314
0.59677184
0.7155741
0.4284175
0.014684102
0.04746204
0.9485496
0.11230872
0.01876998
0.87180084
0.43558195
0.92642623
0.27172107
0.012628351
0.051788557
1.0453589
0.22416632
0.018374467
0.57468826
0.40858343
0.9504865
0.25308886
0.009245204
0.05749493
1.1159458
0.1289834
0.021692976
0.9958247
0.3055166
0.88707113
2.183637
0.016529169
0.048648648
0.8945895
0.09929047
0.012551599
0.42985058
0.25624496
0.60505503
0.61659294
0.014665071
0.05599511
1.1624191
0.09065978
0.023173466
0.5561205
0.28963882
0.7313826
0.47276342
0.028694192
0.031413477
1.0870593
0.13202001
0.016604913
0.24079987
0.29308358
0.5498632
0.18783104
0.01186304
0.01690994
0.86044395
0.034305908
0.0066562598
0.673139
0.28810626
0.42465755
0.080632605
0.026685061
0.012448469
0.75454533
0.024139771
0.009355514
0.6574156
0.36541125
0.4282958
0.05951651
0.058073603
0.023010733
1.0245073
0.22673446
0.006394758
0.2421559
0.32034802
0.33865884
0.03494926
0.0516843
0.01835024
0.90041757
0.07083831
0.0017703589
0.23284338
0.49772036
1.0467811
0.18778472
0.022959355
0.00965981
1.4879836
0.18321268
0.0030688595
0.13489497
0.7476691
0.4681214
0.007229004
0.025946233
0.0076421993
1.1609671
0.03726396
0.005681438
0.06952887
0.21098228
0.46069032
0.2993076
0.011165046
0.010567305
0.78097284
0.2915185
0.0006102845
0.6817666
0.1863129
0.5440379
0.049600642
0.053145383
0.0116056055
0.41597843
0.012949775
0.0026416427
0.14012726
0.2155416
0.525505
0.01615658
0.010088288
0.008508739
0.4850261
0.18483445
0.0012232924
0.051153004
0.15850209
0.16190565
0.016529169
0.020764586
0.013569027
0.23391517
0.37762403
0.012979428
0.057116244
0.43708873
0.16954564
0.68266153
0.019279353
0.0044936156
0.434588
0.6300821
0.002195212
0.1667421
0.31075612
0.2781458
0.0063563795
0.012410911
0.0029674803
0.63685244
0.38876912
0.00078837783
0.35639054
0.21430899
0.09730529
0.0019170732
0.012356161
0.010320038
1.1839821
0.077944845
0.00064531004
0.083686545
0.9796165
0.4177971
0.03158571
0.0163752
0.015741374
0.08728215
0.76700634
0.001214958
0.0288267
0.25600654
0.2648118
0.008890686
0.01858968
0.0068208477
0.14492495
0.042124476
0.00051854516
0.25693724
0.7290416
0.8751067
0.050545268
0.009542448
0.010158267
0.19140618
0.007026249
0.001033368
0.5478182
0.12751503
0.6568818
0.13142449
0.010469397
0.031706285
0.27231258
0.021859773
0.00075490586
0.12601928
0.13572347
0.14405532
0.013506225
0.0030594706
0.0036051774
0.55320394
0.003267428
0.00033849708
0.10650918
1.4738379
0.25439402
1.7058665
0.005688076
0.00710532
0.2919545
0.04751183
0.00039295582
0.11141515
0.53194225
0.30270898
0.001583871
0.003291786
0.009060459
0.060340162
0.014280035
0.0006484075
0.06984141
0.107310876
1.0561941
0.010767692
0.0012388896
0.01610356
0.21003667
0.005150621
0.00046754873
0.20117882
0.14341858
0.103245825
0.09472341
0.0040007564
0.0072351582
0.21390982
0.015426716
0.0024213064
0.69790304
0.058717363
0.15081547
0.18766169
0.0018716214
0.008014307
0.16513184
0.020371497
0.0008892634
0.23425381
0.05260129
0.041805208
0.1764922
0.009273669
0.0056154123
1.053107
0.0020380695
0.00061767094
0.18358819
0.3302572
0.04540988
0.08124135
0.0038105275
0.009037659
0.051416878
0.08644608
0.0018211699
0.006341336
0.101333335
0.08889627
0.04633503
0.024618851
0.006002258
0.37355816
0.0007136897
0.00021944022
0.07126423
1.1122887
0.29550618
0.0015505446
0.0013585394
0.0013529443
0.06194666
0.0011870965
0.0011043409
0.006775382
0.27620098
0.7127146
0.024428783
0.020073013
0.0015457836
0.200785
0.021491267
0.00060706784
0.109488
0.046768103
1.3733599
0.1659891
0.015289249
0.0012621065
0.06406292
0.037539676
0.0005036516
0.0063743843
0.0910226
0.11616345
0.018514903
0.013684154
0.0035116929
0.050901413
0.2396289
0.00030286494
0.62729496
0.53971493
0.1004299
0.0062587685
0.0025934891
0.002501218
0.06093962
0.0025425984
0.0005346299
1.1603272
0.08933943
0.03986821
0.0227015
0.0017028844
0.016813003
0.039792947
0.001833069
0.0003205024
0.9930756
0.157291
0.4451667
0.019669365
0.0056780004
0.008030509
0.1135874
0.001113629
0.00040797016
0.015389269
0.17554198
0.013523278
0.105831556
0.0032182352
0.004260511
0.042418275
0.00049638347
0.00054499554
0.0016275506
0.22255115
0.12128219
0.00030798936
0.0021902162
0.017004408
0.060283933
0.07822853
0.0016664679
0.07065516
0.045418084
0.035434697
0.0069088144
0.0011098185
0.00063994905
0.28593904
0.0032151456
0.000216699
0.018426782
0.88553107
0.436158
0.1570784
0.014654616
0.0018081997
0.052686904
0.010517054
0.0016280266
4.606797
0.073160805
0.65426546
0.1256559
0.0032443765
0.0001965568
0.05104415
0.009853533
0.012069998
0.15473361
0.41999117
0.13890034
0.08643908
0.0030739696
0.00088307
0.15630665
0.011878472
0.00073036697
0.05812647
2.0344305
1.51965
1.7275279
0.003088825
0.0023465024
0.38284197
0.0025675686
8.856858e-05
0.008480489
0.09375722
0.14124927
0.0042920853
0.0018951804
0.0023360364
0.037372716
0.007501292
0.00011288482
0.012314361
0.023568599
0.04642596
0.0011382775
0.0017673839
0.0007778956
0.1265233
0.0007553823
0.0020547246
0.0019821536
0.104327485
0.018057944
0.20474373
0.002875957
0.002185696
0.03778363
0.00072750804
0.003182943
0.0073536197
0.05689892
0.051759467
0.0066563785
0.0013435395
0.012451648
0.029428214
0.001158758
4.6967358e-05
0.02412825
0.029029947
0.23998493
0.10633523
0.0012013845
0.0030750392
0.024796326
0.0014859121
0.0005906268
0.008230104
1.3226161
0.016562939
0.009265165
0.0019538377
0.012700272
0.066010356
0.02967867
6.270212e-05
0.03137547
0.122240834
0.110693246
0.6299051
0.0037335707
0.00017867876
0.030016063
0.47616747
2.467602e-05
0.011063777
0.010964738
0.029593842
0.001757388
0.00022957074
0.0006012301
0.18341067
0.005233872
7.5456635e-05
0.37345338
0.034792464
0.009609396
0.00033408782
0.0001753415
0.09894846
0.13104163
0.0063040215
3.2305197e-05
0.1945298
0.035320785
1.6527433
0.0062066424
0.0005694198
0.18539198
0.24140947
0.01824595
0.0016656348
3.2010996
0.029039906
0.013570908
0.0042638346
0.00049864734
0.023826698
0.12035401
0.0062498837
0.0016432605
0.026763175
0.014457708
0.06523101
0.001471033
0.0009207062
0.0039459
0.012078715
0.030149091
0.00067997695
0.031626593
0.09255386
0.19568135
0.019317707
0.00014613991
0.0022165035
0.009195477
0.19306257
0.0002524534
0.013674158
0.023938786
0.008219464
0.011531132
0.000104302686
0.0002826053
0.31154883
0.0075887255
7.259582e-05
2.2560048
0.56457186
0.0056564272
0.0011001732
0.00021860594
0.000114791954
0.028465735
0.0056189685
0.00014435203
0.08897457
0.048600502
0.013879214
0.118313245
0.00046028034
0.00031573555
0.073145516
0.07658561
0.0035652665
0.031608924
0.101274624
0.023908058
0.0036891515
0.0002491164
0.020299308
0.041422248
0.06634408
0.000729414
0.0070906426
0.026828282
0.025414098
0.29983667
0.00033277695
0.00021991695
0.074145
0.014398017
0.00028034096
0.0026998995
0.019732483
0.7348498
0.17059112
8.3085426e-05
0.0019595486
0.34547403
0.123712115
0.0006697319
0.010621445
0.04937566
0.077505104
0.028033817
0.0010408704
4.6967358e-05
0.059675545
0.030428393
0.00034099963
0.20069994
0.18737777
0.16896288
0.18887408
0.00052736205
7.033101e-05
0.31575274
0.2778567
0.0001633034
0.28486136
0.058065165
0.03826127
0.4100009
0.002020819
0.00019870214
0.5072567
0.0011462554
0.00033015522
0.116158985
0.004587839
0.26370746
0.013457298
0.0037638552
0.00010573305
0.15131903
0.061747756
0.00079207035
1.2692811
0.036321755
0.01789215
0.011553522
0.001752985
4.8874615e-05
0.1071647
0.0114288395
0.00012301642
0.075471066
0.005363835
0.28835127
0.0091878
0.00036221143
3.4331686e-05
0.08841745
0.025649643
8.4515814e-05
0.47939417
0.004001469
0.02711095
0.0024895647
8.880698e-05
9.238293e-05
0.013809613
0.007177639
7.903264e-05
0.6623252
0.0019537187
0.020556381
0.0037295327
0.0006059956
6.556296e-05
0.015859183
5.2927524e-05
3.9457496e-05
0.028538842
0.009229967
0.0034140416
0.013941287
0.00021777165
0.003463819
0.026694348
0.00044526675
6.782779e-05
4.860032
0.02274415
0.02604136
0.008551999
0.00010168035
0.008892104
2.2768812
0.010163813
6.079489e-05
0.5420611
1.1528108
0.044716455
0.00056703703
0.00034850722
0.027327187
0.12142093
0.00015126515
2.8729026e-05
0.28520828
0.026052162
0.14443818
0.00024327656
0.000225161
0.069145255
0.008171578
0.0009160613
3.087473e-05
0.00461169
0.10330119
