0.6461864113807678
0.7365819215774536
0.7923728823661804
0.8142655491828918
0.8601694703102112
0.8764124512672424
0.9025423526763916
0.9201977252960205
0.9371469020843506
0.9364407062530518
0.944915235042572
0.9526836276054382
0.965395450592041
0.9851694703102112
0.9618644118309021
0.9703390002250671
0.979519784450531
0.971045196056366
0.9788135886192322
0.9823446273803711
0.9809321761131287
0.9894067645072937
0.9844632744789124
0.9689265489578247
0.9788135886192322
0.9950565099716187
0.9816384315490723
0.9717513918876648
0.9894067645072937
0.9971751570701599
0.9964689016342163
0.9745762944221497
0.9809321761131287
0.9887005686759949
0.9908192157745361
0.9851694703102112
0.9809321761131287
0.991525411605835
0.9894067645072937
0.9929378628730774
0.9936440587043762
0.9759886860847473
0.991525411605835
0.9978813529014587
0.9844632744789124
0.9802259802818298
0.9978813529014587
0.9992938041687012
1.0
0.9858757257461548
0.9802259802818298
0.9894067645072937
0.9901130199432373
0.9929378628730774
0.9809321761131287
0.9788135886192322
0.987994372844696
0.9936440587043762
0.991525411605835
0.9894067645072937
0.9872881174087524
0.9985875487327576
0.9985875487327576
0.9844632744789124
0.9823446273803711
0.979519784450531
0.9936440587043762
0.9872881174087524
0.9936440587043762
0.994350254535675
0.994350254535675
0.9922316670417786
0.994350254535675
0.9971751570701599
0.9964689016342163
0.9731638431549072
0.9964689016342163
0.9978813529014587
1.0
1.0
1.0
1.0
1.0
1.0
1.0
1.0
1.0
1.0
1.0
1.0
1.0
1.0
1.0
1.0
1.0
