1.6401098
0.31520692
0.5226088
2.4255624
3.7873847
2.6509624
0.24736518
0.6587355
0.15759327
0.2118369
0.1807285
0.19234458
1.6364802
0.42299446
2.9070804
0.090858676
0.5753148
0.09351927
0.10535885
0.16803946
0.12934075
1.2945532
0.05125947
1.5997618
0.074450895
0.22508296
0.065586545
0.111446604
0.08866348
0.08735272
0.59695375
0.021291966
0.27767485
0.12036057
0.07768579
0.034697127
0.05585533
0.08143048
0.06144254
0.7348672
0.02305663
0.16053158
0.024618736
0.08930715
0.032204263
0.024325358
0.025836693
0.040591445
0.1551117
0.0137798665
0.19373026
0.05583549
0.08238099
0.015502895
0.018386053
0.01705609
0.038575362
0.19202352
0.008078164
0.37603804
0.012358398
0.060565606
0.019420015
0.009393424
0.005595853
0.013789625
0.15117434
0.0048804204
0.05146919
0.052685548
0.06081231
0.01091156
0.008916207
0.005796291
0.0069751097
1.1458831
0.0043307804
0.018591316
0.1801816
0.022815812
0.010474469
0.00696706
0.0036669413
0.0075902636
1.8010012
0.0032234634
0.008039378
0.013069326
0.006915444
0.032027524
0.005279053
0.006672957
0.005164022
0.9321915
0.0021156326
0.029793693
0.02242621
0.008585093
0.0019232602
0.026452893
0.0044987183
0.0026856328
1.854866
0.0016668249
0.352129
0.006993814
0.0050259675
0.024955047
0.0042675147
0.047848605
0.0023450751
0.005603084
0.004614538
0.036601063
0.01102711
0.00231891
0.02612719
0.005258064
0.0022288738
0.0010272947
0.0066857454
0.00046588058
0.0037417654
0.0021803435
0.021525335
0.0019447954
0.003131013
0.002088867
0.0007252447
0.062435076
0.00046588058
0.014731206
0.004877811
0.00088962074
0.00093368796
0.0043962975
0.0013392536
0.00084626616
0.2643342
0.0005122303
0.008897539
0.0019601434
0.0011837626
0.0005000771
0.0007726545
0.0015755395
0.0004502713
0.0162476
0.0007599088
0.017456226
0.3133672
0.00848498
0.0006995138
0.0067736055
0.01477596
0.0003282485
1.4651579
8.999896e-05
0.0013552061
0.00040475282
0.0008587725
0.0004861365
0.00058514636
0.0004789874
0.00085162604
0.0013829439
0.00018547245
0.047623232
0.00036149644
0.00050663034
0.000679024
0.0015864894
0.0003065593
0.001165664
2.8718474
0.00013803483
0.027836628
0.0008538891
0.000472434
0.00033003604
0.00039545822
0.00036876553
0.00041130665
0.0005834784
0.00010966653
0.0023478104
0.0010729039
0.000666158
0.0008827127
0.00061504997
0.002846834
0.00036483307
0.00048327688
5.5430784e-05
0.0060756044
0.00085019675
0.0008041009
0.00044586253
0.0005060346
0.0004020121
0.00027378625
0.00047994062
0.0016279076
0.0061924257
0.0006227938
0.0014803177
0.00061326294
0.0003184765
0.00019000156
0.00021729493
0.0022023488
8.6184606e-05
0.005237193
0.0017481059
0.00046361666
0.00024160804
0.0010814777
0.001956931
0.00050734525
0.007891311
0.0002553137
0.003005038
0.0005324853
0.00066127366
0.00021717574
0.0018499657
0.00037674958
0.00037353215
0.018151717
0.00015662874
0.0032323753
0.00028951745
0.00025209587
0.00011896379
0.00039939056
0.00015233787
0.00022230062
0.01710086
8.892618e-05
0.0020304555
0.00087187416
0.0006368516
0.00015484088
0.00019870214
0.0003421913
0.0005072261
0.054382287
0.00011944058
0.0010896942
0.0005682284
0.00029082838
0.0028645457
0.0002512616
0.00046206763
0.00055416964
0.0036947336
5.149709e-05
0.1920857
0.0004644507
0.00028820653
0.0004898302
0.0006722336
0.00023886688
0.00027056847
0.002464355
7.4503034e-05
0.0009037939
0.00018439977
0.00040844682
0.00017414961
0.00024256148
0.00018940562
0.00023767508
0.0017650039
0.0012907992
0.011831939
0.00010442189
0.00018869051
7.9271034e-05
0.00032896354
0.00021646064
7.486063e-05
0.19488233
0.0003388546
0.0027616003
0.0001859492
0.0002730712
0.00041762213
0.00028939827
0.0005801425
0.00054475723
0.002238984
0.00020251608
0.011956571
0.00023958198
0.00048005977
0.00017796364
0.0002703301
0.00014542475
0.00022825974
0.00057120697
5.4596363e-05
0.00055810134
0.0005502379
0.0006171944
0.0010324153
0.0003463622
0.00030417583
0.0001811817
0.48881298
9.727005e-05
0.0026801638
0.0011697124
0.0002826053
0.022491368
0.00046111442
0.00012289723
0.00022134715
0.0010740947
3.8623064e-05
0.0013871104
0.000165568
0.000107521
0.00021586473
0.00037257883
0.0002603192
0.00019369634
0.005098674
6.8185385e-05
0.00094035745
0.00040534863
0.000729414
0.000567871
0.045625616
0.00028570386
0.00012265884
1.4529207
3.5046916e-05
0.013090504
0.0039430503
0.005673615
0.00040570612
0.0012580584
0.00028212857
0.00013302872
0.0022433847
2.0980615e-05
0.00045777808
0.00034004627
0.028809674
0.00020263526
0.0001074018
0.00010644823
0.00010823618
0.0007240535
1.9907753e-05
0.000629227
0.00027688485
0.000113719194
0.00013016807
0.0002785533
0.00012301642
7.295342e-05
0.00063172885
4.6013727e-05
0.0012386516
0.00022766383
9.071415e-05
0.00017188503
7.998623e-05
7.4979835e-05
0.0001258771
0.0002646096
0.001578396
0.000723577
0.0008030289
0.0002948803
0.0005894354
0.030386878
0.000210859
0.0001975103
0.0005660839
0.00020192015
0.00034064212
0.00023183519
0.0069942875
0.00027700403
0.011857856
0.00016521043
0.00018249277
0.00089081173
3.5881352e-05
0.00018201603
0.0006756883
0.00094726507
0.0001761758
0.0002217047
0.00020561488
0.00013112162
0.00043132537
0.00015150353
0.00077730004
0.00031275625
0.003184369
0.0004858982
0.00039355163
0.00037424712
0.0005316513
0.005125478
0.00022087042
0.0003530356
0.011700104
0.000928924
0.000176295
0.0008350699
0.00031192205
0.00019643761
0.07072458
0.00013219437
0.00066437107
0.00042608244
0.0012548438
9.989239e-05
0.00029511866
0.00018368465
0.00013970352
0.0003657864
2.9563467e-05
0.009221817
0.00030060063
0.0003709105
7.414543e-05
0.00020692592
0.00012599629
9.178694e-05
0.0011613775
0.0001295721
0.0009991898
0.00017975146
0.00010442189
4.1603176e-05
0.0003507714
9.011816e-05
0.00019345796
0.015393965
3.3020428e-05
0.09515966
0.00062744005
0.002944422
0.00024458754
0.003907665
0.00078575726
0.00018237358
0.020570628
0.00013529339
9.119095e-05
0.00022790219
0.00075824116
0.0002786725
0.00063303934
0.0016095791
0.00021705656
0.002751971
1.7523613e-05
6.246372e-05
0.0004478882
0.00037925204
0.0013299678
0.0010233647
0.0009706077
0.00013696209
0.0006972504
9.1790735e-06
0.0026718415
0.0013534204
0.0003392121
0.0027353275
0.0007173825
0.00016580637
0.00011109689
0.0028269824
8.225407e-06
0.0007222666
0.0013761583
0.0012390087
0.00014685506
0.000892241
0.000520809
0.00015948931
0.010490984
1.0967195e-05
0.0004060636
0.0033074697
0.0009176096
0.00037877538
0.0005171154
0.00014804698
0.00010656743
0.965127
0.000109547334
0.0006410213
0.0005650116
0.00034552804
0.00031573555
0.00038044367
0.0021851014
0.0001957225
0.0005946775
0.00020716428
0.050099995
0.0008436458
0.0009837078
0.0005902694
0.00035637227
0.0020963615
9.381331e-05
0.00039021508
0.0010282473
0.0025559159
0.00020215852
0.0037420029
0.0004650465
0.00028046014
0.00082625577
8.5707805e-05
0.024579188
2.3603161e-05
0.00019238528
0.00037007636
0.00016270744
7.569503e-05
0.00015746307
7.2715025e-05
9.190614e-05
0.0005638202
6.687418e-05
0.0006393534
0.00010501787
0.00028165188
0.00011824862
0.0001463783
0.0003238392
4.51793e-05
0.00020084748
0.00063994905
0.00018630676
0.00020251608
0.033634476
9.417091e-05
0.00018285033
0.0011913829
6.1152496e-05
0.0006584145
0.00036983803
0.00014077626
0.0016894366
0.00022384999
0.0062084193
0.00010680582
0.00034171465
4.804019e-05
7.068861e-05
0.00038783182
0.00038866594
0.00026961506
0.00010358751
3.7311813e-05
0.00010537546
7.056941e-05
2.860982e-05
0.011221511
0.00011133528
8.3443025e-05
0.0005638202
0.00010036919
5.709962e-05
0.00016068121
8.785339e-05
0.00019846378
0.0315119
0.06425388
0.0005384426
0.0012740123
0.0006487649
1.0950054
8.5350206e-05
5.411955e-05
0.00010978573
0.0025286863
2.002696e-05
0.0034275851
0.0015319766
0.0006329202
9.500529e-05
8.856858e-05
9.679326e-05
4.2795218e-05
0.0016669439
1.7881378e-06
0.0003780604
0.00033277695
0.0008161313
6.031808e-05
0.00014220657
0.00010191875
0.0014275847
0.005659509
2.1338235e-05
0.0003555381
0.0022639616
9.238293e-05
0.00010895135
0.00022158552
0.00012134769
0.00013827322
0.008417721
2.8610189e-06
0.0053225714
0.0006337541
0.00024220394
4.4464075e-05
0.0002673507
0.00010918975
6.1152496e-05
0.0007589559
0.00028475045
0.00063982996
0.0003548231
6.472855e-05
2.9563467e-05
0.00010632903
0.000117771844
6.747018e-05
0.010866397
6.4372807e-06
0.00034540886
0.00020180097
0.00044955636
3.9576702e-05
0.00011205045
0.00014935808
0.00011181206
0.012269143
1.3232144e-05
0.0002835587
0.0011002922
0.00022766383
5.0305054e-05
0.00013720048
0.000113480804
0.00014757022
0.0356702
8.046303e-05
0.009920342
0.00053260446
0.0010465865
3.5046916e-05
0.00026341784
0.00011920219
9.44093e-05
0.00317106
3.0994368e-06
0.004194154
0.00016592556
0.0103389155
6.0079677e-05
0.00014959647
0.000100249985
5.161629e-05
0.005319133
1.4305105e-06
0.010947524
0.0022289925
0.00022504182
2.9563467e-05
4.0649542e-05
8.487341e-05
0.0001643761
1.5814059
1.7881378e-06
7.3191826e-05
0.0007615765
0.0009702504
0.0012392468
0.0005376086
0.00023588736
0.0006127864
0.0023956192
4.887569e-06
0.0001236124
0.004521148
0.00049793243
3.445089e-05
0.00012313561
8.225103e-05
8.6780594e-05
0.001957288
9.655906e-06
8.7972585e-05
0.00066794496
0.0001596085
0.00010573305
0.00012885693
0.00016926287
9.9058016e-05
0.01454195
8.821448e-06
8.320462e-05
0.00039641152
0.00012611547
8.153583e-05
0.00011848701
7.7959834e-05
7.235742e-05
0.001762743
8.940657e-06
8.964137e-05
0.00033647122
7.045021e-05
5.7576428e-05
7.4503034e-05
4.196079e-05
3.6715788e-05
0.00086961116
7.6293654e-06
8.558861e-05
0.00018153928
3.4093275e-05
3.850386e-05
3.886147e-05
2.3364748e-05
1.9192512e-05
0.0004665955
6.3180723e-06
7.7125434e-05
0.00010132276
1.6569955e-05
2.6940936e-05
1.9192512e-05
1.239769e-05
1.0728779e-05
0.000250189
4.6491514e-06
6.12717e-05
5.113948e-05
8.70224e-06
1.7762026e-05
9.655906e-06
7.0333235e-06
6.198864e-06
0.000141849
3.2186456e-06
4.4344873e-05
2.6106494e-05
4.76836e-06
1.1324818e-05
4.6491514e-06
4.1723165e-06
3.4570635e-06
7.8079036e-05
1.9073468e-06
2.6940936e-05
1.3828182e-05
2.622601e-06
6.5564896e-06
2.384183e-06
2.264974e-06
1.7881378e-06
4.3629647e-05
1.3113013e-06
1.5973917e-05
7.6293654e-06
1.4305105e-06
3.2186456e-06
1.1920922e-06
1.3113013e-06
9.5367386e-07
2.4079987e-05
8.344647e-07
8.821448e-06
3.933899e-06
7.152555e-07
1.6689287e-06
7.152555e-07
8.344647e-07
5.960463e-07
1.3828182e-05
5.960463e-07
4.6491514e-06
1.9073468e-06
3.576278e-07
7.152555e-07
4.7683704e-07
4.7683704e-07
2.3841855e-07
7.748574e-06
3.576278e-07
2.384183e-06
8.344647e-07
2.3841855e-07
3.576278e-07
1.1920928e-07
2.3841855e-07
1.1920928e-07
4.2915253e-06
2.3841855e-07
1.3113013e-06
2.3841855e-07
1.1920928e-07
1.1920928e-07
0.0
0.0
0.0
2.264974e-06
1.1920928e-07
5.960463e-07
2.3841855e-07
0.0
0.0
0.0
0.0
0.0
1.072883e-06
1.1920928e-07
3.576278e-07
0.0
0.0
0.0
0.0
0.0
0.0
5.960463e-07
0.0
1.1920928e-07
0.0
0.0
0.0
0.0
0.0
0.0
3.576278e-07
0.0
1.1920928e-07
0.0
0.0
0.0
0.0
0.0
0.0
1.1920928e-07
0.0
0.0
0.0
0.0
0.0
0.0
0.0
0.0
1.1920928e-07
0.0
