First 300 examples - class1; next 500 examples - class 2 and the last 1000 examples - class3.
-0.190176 -0.195489 
-0.208340 0.107337 
-0.487379 0.131786 
-0.564656 -0.193942 
0.527243 -0.166957 
-0.433805 -0.113134 
0.309885 0.012886 
-0.498003 0.327460 
0.228204 -0.468230 
-0.237898 0.351961 
0.471269 -0.032767 
-0.210069 0.303144 
0.017560 -0.318837 
0.160543 0.435377 
0.374332 -0.359579 
-0.245406 0.430159 
0.520247 0.077217 
-0.083930 -0.241910 
0.213232 0.498794 
0.218398 0.052117 
-0.232932 0.033773 
-0.273003 -0.434381 
0.311156 0.142207 
0.254844 0.440753 
0.310281 0.114175 
0.186983 0.292870 
0.428625 -0.335559 
0.530199 -0.190154 
-0.275287 -0.305126 
0.427313 -0.086165 
-0.017068 -0.009155 
0.327969 0.429318 
0.319162 0.015448 
0.111393 -0.207118 
-0.377693 -0.324248 
0.553459 0.119164 
-0.295380 -0.282471 
-0.474315 -0.346517 
-0.511061 -0.197742 
0.081716 0.131507 
0.282170 0.496310 
0.077526 0.290039 
-0.290386 -0.088470 
0.242282 -0.217478 
0.540242 -0.153334 
0.317852 -0.281700 
-0.490393 0.063455 
-0.459706 0.324731 
-0.376504 -0.097972 
0.005594 -0.244859 
-0.166563 0.310165 
0.227587 -0.259231 
-0.002970 0.480654 
-0.251657 -0.263646 
0.351843 0.263339 
0.508046 -0.278546 
0.028312 0.134831 
-0.246944 0.168158 
0.103079 -0.032416 
0.398453 -0.323033 
0.398426 0.053617 
0.121057 -0.544323 
0.080718 -0.539238 
-0.393278 0.224058 
0.399236 -0.377583 
0.000652 0.140917 
-0.066717 0.021920 
0.294569 -0.286023 
0.470608 0.065612 
0.046975 0.437453 
-0.259441 -0.171654 
-0.198041 0.220222 
-0.202466 -0.446621 
-0.224980 -0.501693 
-0.071608 0.536569 
-0.168779 0.306237 
0.262694 -0.116459 
-0.046077 -0.356736 
0.307152 -0.112928 
-0.574857 0.063423 
0.150967 -0.114530 
-0.357417 0.432703 
-0.267750 0.205901 
-0.269540 -0.364869 
0.002066 0.556586 
-0.184300 0.517147 
0.136646 0.427626 
0.010620 0.365546 
0.373046 -0.318768 
-0.030194 0.237912 
0.371055 -0.314560 
-0.174897 0.017558 
-0.478686 0.229262 
-0.195085 0.169215 
0.181634 -0.526680 
0.029352 0.112274 
0.445975 -0.187792 
-0.041376 0.071057 
-0.478390 0.170867 
0.364759 -0.403330 
-0.064599 0.236064 
0.072985 -0.426207 
-0.084972 -0.050434 
0.159345 0.495484 
0.336898 -0.269091 
0.408590 0.427051 
0.093222 -0.311762 
0.266070 -0.109652 
0.054141 0.057053 
0.191815 -0.475353 
0.056447 0.115965 
0.348779 0.343761 
0.393605 0.163863 
0.266651 -0.255014 
-0.380178 0.148509 
-0.440097 0.128088 
-0.418389 0.402437 
-0.019617 -0.120905 
-0.020728 0.492854 
0.395783 -0.078475 
0.269134 -0.085083 
-0.472401 0.182401 
-0.332177 -0.161998 
-0.504483 0.058800 
-0.293306 -0.163953 
0.076887 0.557088 
-0.413199 0.320930 
-0.130596 0.544974 
0.307306 0.431566 
0.427217 -0.399742 
-0.189846 0.088724 
-0.042071 0.367331 
-0.156607 0.570089 
-0.254654 -0.477056 
-0.014051 0.397061 
-0.416040 -0.386810 
0.531262 0.008407 
-0.087209 -0.547966 
0.223650 0.328725 
-0.040033 0.475455 
-0.370729 -0.388450 
-0.330150 -0.073575 
-0.116758 -0.555367 
-0.367361 -0.071934 
-0.010967 -0.424194 
0.150149 -0.425496 
-0.012165 0.387059 
0.380047 -0.110122 
0.241312 -0.168086 
0.011524 -0.089840 
0.206917 -0.500769 
-0.146799 -0.118504 
-0.518545 0.001788 
0.104941 -0.446361 
-0.334264 -0.416178 
0.522112 0.089091 
0.286229 -0.491747 
0.362161 -0.322986 
-0.053081 -0.205861 
-0.469677 0.327038 
0.110299 0.247929 
-0.474982 -0.061995 
0.165853 0.190206 
-0.128926 0.490073 
0.580564 0.136673 
-0.490235 -0.301379 
0.261389 0.200790 
0.083726 -0.229910 
-0.124186 -0.102837 
-0.032952 0.240466 
-0.028428 0.528369 
-0.208181 -0.191099 
-0.099092 -0.334430 
0.464688 -0.273269 
0.358399 -0.218439 
0.459966 0.030276 
0.126879 0.299944 
0.188944 0.257480 
0.225203 -0.113295 
0.487137 0.296172 
0.542366 -0.188975 
0.294209 -0.450899 
-0.136155 -0.049064 
-0.453437 -0.252856 
0.393190 -0.404867 
0.155020 -0.544636 
-0.084756 -0.235982 
0.025921 0.520819 
-0.133162 -0.016389 
0.402714 0.229732 
-0.037424 -0.289423 
0.246309 -0.358585 
-0.287857 -0.423914 
-0.234032 0.177840 
0.422602 0.008998 
-0.207007 -0.126008 
0.290431 -0.064945 
0.452084 -0.284172 
-0.114377 -0.528855 
0.092158 -0.260069 
-0.335733 0.116730 
0.430373 0.151304 
0.209690 0.236130 
-0.430771 0.327605 
0.047146 -0.518683 
0.047499 0.133934 
0.263085 -0.119964 
0.120254 -0.292495 
0.017546 -0.096140 
-0.094805 -0.566445 
-0.158727 -0.220236 
-0.170441 0.486995 
0.053857 0.471338 
-0.485165 0.041834 
0.408135 -0.150416 
0.163791 0.443868 
-0.072646 0.353949 
-0.298731 0.082548 
0.141654 -0.111470 
0.214282 0.069626 
-0.172665 0.468675 
0.148853 -0.555641 
-0.181598 -0.508026 
0.067184 -0.558291 
-0.021825 -0.244760 
-0.226544 -0.290015 
0.369487 0.291354 
0.234141 -0.515829 
0.303959 -0.265656 
-0.009523 -0.314145 
-0.062525 0.566300 
-0.149106 -0.412418 
0.145703 -0.090533 
-0.559142 -0.138090 
0.395350 0.144963 
-0.348524 -0.086474 
0.025446 0.514831 
-0.210442 -0.305555 
0.077766 -0.584467 
-0.560439 0.144374 
-0.078782 -0.328837 
0.461599 -0.315410 
-0.300754 -0.370922 
0.000764 -0.306534 
0.067932 0.474669 
0.274365 -0.460722 
-0.333919 0.208556 
0.123828 0.423536 
-0.288986 0.465224 
0.178921 0.139380 
-0.236293 -0.264845 
0.137497 -0.475959 
-0.493558 -0.297294 
-0.451290 0.263181 
0.266589 -0.300581 
0.404481 -0.358322 
0.321172 -0.134436 
-0.125145 -0.544866 
-0.320373 0.356057 
0.214460 -0.195271 
0.527288 -0.285721 
-0.223936 0.179798 
0.559968 -0.211597 
0.374600 -0.363262 
-0.042861 -0.512625 
-0.030371 0.177824 
0.114415 0.403415 
0.044728 -0.091939 
-0.081766 -0.409747 
-0.504777 0.117604 
0.393198 0.372656 
0.286651 0.448056 
0.570633 -0.095174 
0.429392 -0.368405 
-0.214580 -0.086191 
0.150897 -0.372041 
0.468773 -0.241971 
-0.022787 -0.290442 
-0.026075 0.573487 
0.075694 -0.470594 
-0.540453 0.084761 
0.281657 0.497235 
0.070095 -0.566528 
-0.009571 0.182665 
0.225923 0.373757 
0.478618 -0.285081 
-0.364097 0.274882 
-0.474573 -0.284017 
-0.152849 0.011683 
-0.463043 -0.295641 
-0.475430 -0.100461 
0.109248 -0.306366 
-0.344835 -0.445378 
-0.271857 0.093842 
-0.098198 0.095305 
0.091330 -0.186262 
0.256584 -0.425697 
0.081022 0.246577 
-0.352683 0.328764 
0.221082 -0.077685 
1.422014 -0.530660 
-1.506218 -1.231862 
1.054270 -1.198166 
0.976215 -0.831534 
1.008328 -1.037971 
1.255767 -0.343351 
-1.418658 -1.303704 
-1.786257 -0.358822 
1.457907 -0.015260 
-1.757439 -0.655606 
0.231593 -1.464677 
-0.267937 -1.767457 
1.188406 -0.368918 
-1.298899 -1.010651 
-0.820326 -1.444781 
-0.747259 -1.456294 
1.221981 -1.084018 
-1.640592 -0.539344 
-0.709876 -1.711736 
0.417402 -1.312916 
-0.192130 -1.591225 
-1.645762 -0.600454 
0.315574 -1.450831 
-1.541776 -0.620874 
-1.150819 -1.369182 
-0.692359 -1.531649 
-0.600030 -1.504205 
-1.173662 -1.513150 
-0.470247 -1.753432 
0.139436 -1.653679 
1.428023 -0.206071 
-0.995679 -1.504852 
1.314489 -0.497152 
-1.853365 -0.053377 
1.459463 -0.200027 
0.097144 -1.384034 
1.243388 -0.710897 
-0.567342 -1.492394 
-0.593278 -1.454362 
-1.052736 -1.148658 
-1.212337 -1.244652 
1.025276 -1.055401 
1.056780 -0.975211 
-0.234333 -1.442275 
-0.077254 -1.645471 
0.066747 -1.585471 
-1.304728 -1.269768 
-0.056942 -1.645435 
1.237470 -0.922897 
1.340072 -0.873600 
1.286580 -0.808828 
-1.606993 -0.530818 
-1.504905 -0.723560 
-1.680715 -0.159098 
-1.454763 -0.828497 
-1.605644 -0.667890 
0.661727 -1.370783 
0.722253 -1.145324 
1.372931 -0.179152 
1.214670 -0.175904 
0.029127 -1.526353 
-1.262650 -1.419433 
1.349819 -0.121111 
0.337946 -1.663940 
-1.633072 -0.072233 
1.402925 -0.761742 
0.207131 -1.745344 
0.192644 -1.620689 
0.722934 -1.522548 
0.124000 -1.439764 
-1.638680 -1.035329 
1.180205 -0.358046 
1.512611 -0.176693 
1.327973 -0.612562 
0.698982 -1.126794 
1.199682 -0.335183 
-0.653089 -1.682779 
-1.457710 -1.113463 
0.896975 -0.928879 
-1.892767 -0.191767 
1.169494 -0.378758 
-1.717874 -0.422568 
1.401482 -0.456016 
-0.266193 -1.519130 
0.617444 -1.469096 
-0.719442 -1.487191 
-1.283154 -1.387996 
-1.166414 -1.278906 
-1.660344 -0.089102 
-0.841915 -1.522440 
1.296167 -0.171893 
0.160809 -1.362652 
-1.649376 -0.580535 
0.345713 -1.518424 
-0.747198 -1.374606 
0.960666 -0.759714 
-0.011452 -1.514732 
-0.703545 -1.325170 
0.055247 -1.624594 
-0.351103 -1.630756 
-0.318350 -1.640354 
-1.768776 -0.112722 
0.138850 -1.566830 
-0.036416 -1.679886 
0.488074 -1.651462 
-1.518428 -0.889362 
-0.430070 -1.742875 
-1.581636 -1.078493 
1.190471 -0.421680 
1.424237 -0.568158 
0.874178 -1.143583 
-0.749323 -1.548649 
0.837459 -1.407408 
-1.726029 -0.264308 
-1.825754 -0.171145 
-0.663386 -1.700039 
-1.983902 -0.077579 
1.542063 -0.075430 
-1.568713 -0.239438 
0.278120 -1.600436 
-1.658851 -0.515813 
-1.048899 -1.499843 
-1.937982 -0.436964 
-1.219639 -1.282133 
-1.758584 -0.516971 
1.062831 -1.144474 
0.725852 -1.130117 
-1.896618 -0.185801 
-1.032312 -1.338539 
1.494801 -0.052795 
0.354053 -1.561735 
0.116673 -1.697550 
1.298553 -0.413251 
0.419661 -1.576871 
-0.539491 -1.506374 
-1.728853 -0.223837 
-0.036649 -1.688393 
-0.988744 -1.409951 
0.385036 -1.651618 
-0.163023 -1.639249 
0.434394 -1.602088 
-0.820958 -1.383983 
1.201768 -0.112369 
-0.869538 -1.322645 
-1.914516 -0.470354 
0.970368 -1.021423 
-1.171044 -1.355521 
0.180858 -1.552018 
-0.249043 -1.618338 
-1.113523 -1.448561 
-0.217557 -1.437235 
0.857645 -1.320677 
-0.500167 -1.648825 
-1.378286 -0.786367 
0.277808 -1.539997 
1.058546 -0.582326 
-1.225599 -1.362761 
0.675064 -1.314984 
1.042104 -0.869111 
0.828986 -1.083210 
0.971003 -1.206520 
-0.833796 -1.446694 
-0.836293 -1.596472 
0.970193 -1.342494 
-1.259380 -1.414813 
1.070121 -0.563534 
-0.181207 -1.710728 
0.935076 -0.872526 
-0.365421 -1.395204 
-0.880252 -1.658953 
1.174985 -0.420169 
1.340734 -0.016048 
0.972876 -1.154650 
-1.761621 -0.621065 
1.043555 -0.791862 
1.375092 -0.844654 
1.063971 -1.234732 
1.208717 -0.441680 
-0.704469 -1.687630 
0.395171 -1.408399 
0.439049 -1.550052 
1.251008 -0.547327 
1.333906 -0.503728 
-0.798182 -1.697622 
-0.358268 -1.703527 
0.595415 -1.132848 
0.450386 -1.639901 
1.442087 -0.213683 
0.708166 -1.069722 
0.958622 -1.023509 
-0.889851 -1.359518 
-0.204409 -1.545846 
-1.453334 -1.120313 
0.857248 -1.407589 
0.950442 -0.863885 
0.384020 -1.369747 
-0.253516 -1.640063 
0.254699 -1.563788 
1.183020 -0.450314 
0.701662 -1.251799 
0.140902 -1.614724 
-1.046671 -1.115965 
0.923372 -0.856964 
-0.712819 -1.680776 
-1.876948 -0.311567 
-0.665637 -1.545817 
1.308910 -0.705247 
1.158054 -1.174433 
-1.568577 -1.114048 
-1.586208 -0.626381 
-1.131990 -1.310815 
-0.122413 -1.526200 
-0.998490 -1.218053 
1.282011 -0.836148 
1.201271 -0.595795 
-0.309664 -1.576697 
1.245830 -0.097820 
-1.265079 -0.907404 
-0.943195 -1.299944 
-1.620067 -0.182017 
1.219252 -0.487397 
-0.753313 -1.334008 
-1.683532 -0.124567 
-1.192791 -1.215326 
-0.408970 -1.526658 
-1.441135 -0.608648 
-1.680657 -0.399902 
-1.640096 -0.415970 
-0.857556 -1.457111 
1.100568 -0.819644 
0.010682 -1.512301 
0.490324 -1.479691 
1.262872 -0.261128 
0.159507 -1.643486 
-0.167760 -1.584571 
-1.630749 -1.067682 
-1.688268 -0.542867 
1.290824 -0.447998 
-1.495777 -0.746887 
1.239946 -0.210541 
-1.635036 -0.215225 
-1.208512 -1.440586 
-1.188006 -1.279489 
-1.665420 -0.197788 
1.531731 -0.025334 
0.745096 -1.518895 
-1.609707 -0.885466 
-1.389331 -1.307647 
-0.495720 -1.602042 
-1.350447 -0.924740 
-0.548371 -1.710364 
-1.828818 -0.363356 
-0.602755 -1.558628 
-0.991902 -1.492172 
-1.590492 -0.661958 
1.142181 -1.133053 
1.089770 -1.082666 
0.491765 -1.450674 
1.325775 -0.206812 
-0.653280 -1.726440 
0.069599 -1.521248 
1.133837 -0.576410 
-1.752572 -0.027100 
-1.617306 -0.426378 
0.646258 -1.482740 
0.446174 -1.675013 
-1.607671 -0.838465 
-1.092285 -1.383340 
0.932061 -1.071504 
-0.840153 -1.341341 
-1.405216 -1.130369 
-1.516899 -1.100866 
-1.836830 -0.723875 
1.261425 -0.574774 
-1.709127 -0.797520 
-1.554229 -0.576526 
-0.103264 -1.461365 
1.392210 -0.710345 
0.047728 -1.751918 
1.311680 -0.288748 
-0.545024 -1.686178 
0.750492 -1.068582 
-1.569039 -0.606154 
1.271524 -0.059587 
1.510074 -0.350903 
1.296872 -0.115375 
-1.471795 -0.653195 
-1.588251 -0.754717 
1.319548 -0.839740 
-1.685136 -0.970615 
-1.089507 -1.106220 
-0.905422 -1.420248 
-0.070370 -1.641643 
-1.620640 -0.619297 
0.970917 -1.249915 
1.232309 -0.801725 
-1.602820 -0.308412 
1.084121 -1.156008 
-1.514828 -0.880936 
-1.917678 -0.211616 
-1.300587 -1.005793 
-1.296507 -1.227164 
1.243835 -0.500002 
1.009702 -1.020805 
1.286428 -0.411475 
1.447332 -0.196823 
0.757113 -1.146293 
-1.801164 -0.202794 
-1.774822 -0.060228 
1.003200 -0.726124 
-0.633294 -1.374055 
0.224019 -1.540943 
-0.082575 -1.638234 
-1.372359 -0.931957 
0.448742 -1.465986 
-1.631739 -0.401581 
0.781536 -1.198637 
-1.722375 -0.948240 
0.648521 -1.096351 
-1.741999 -0.923371 
-0.822946 -1.681440 
0.035559 -1.587962 
1.032906 -1.184075 
-0.420106 -1.482899 
-0.842888 -1.251686 
1.296117 -0.468079 
-0.340034 -1.526539 
-0.450632 -1.745380 
-1.936178 -0.033894 
0.594251 -1.406166 
-1.371860 -1.230931 
-1.596009 -0.034778 
1.439944 -0.489246 
-0.700084 -1.525121 
-0.258153 -1.628844 
0.960209 -0.841156 
-1.629603 -0.071342 
1.224718 -0.279386 
0.941492 -0.943706 
-0.531264 -1.608439 
-1.312239 -0.847105 
1.387928 -0.524966 
-0.304288 -1.741638 
-1.742666 -0.697918 
0.562074 -1.192596 
0.717695 -1.090404 
0.964446 -0.796178 
0.942450 -1.261008 
1.449111 -0.623557 
1.114298 -0.962851 
1.174616 -0.433820 
0.117338 -1.486030 
0.991850 -0.781343 
0.934167 -1.346446 
0.814485 -1.052345 
1.493831 -0.515520 
-0.495307 -1.491169 
-0.532032 -1.373453 
0.786540 -1.303314 
0.226569 -1.632346 
-1.631292 -0.216509 
0.015802 -1.402154 
1.211957 -0.616865 
-0.024272 -1.586898 
0.292634 -1.656353 
1.136392 -1.114804 
0.700442 -1.301147 
-1.799880 -0.730318 
1.295028 -0.328336 
-0.645968 -1.417416 
0.672629 -1.071626 
1.437075 -0.447451 
-0.586795 -1.425967 
1.338372 -0.169404 
-1.957536 -0.104954 
-0.153310 -1.381678 
0.743942 -1.148256 
-1.902967 -0.229243 
0.942042 -1.385846 
-1.705314 -0.874885 
0.263207 -1.331394 
-1.603456 -0.155022 
1.348882 -0.438965 
-1.219759 -1.396939 
-0.975013 -1.386140 
-1.568812 -0.499157 
-1.870854 -0.067639 
1.209464 -0.999358 
-1.954627 -0.070367 
0.627575 -1.194952 
-1.890126 -0.101730 
0.859889 -1.023492 
-1.699752 -0.919072 
0.844580 -1.459057 
0.047384 -1.437668 
1.247594 -0.649006 
-0.072604 -1.642080 
1.109516 -0.966703 
-1.768598 -0.501205 
1.304260 -0.239249 
-1.828627 -0.274133 
-1.441616 -0.999818 
-1.500669 -0.913638 
-1.148803 -1.151639 
-1.783888 -0.451780 
0.142882 -1.576572 
1.418129 -0.301170 
0.218568 -1.617912 
1.360155 -0.631849 
1.180014 -0.306193 
1.333276 -0.913801 
-1.728009 -0.902551 
-0.479362 -1.439173 
1.054446 -1.230551 
0.121564 -1.415935 
-1.563818 -0.356250 
1.137212 -0.359220 
0.530163 -1.537008 
-1.475004 -0.995563 
-0.128871 -1.570122 
0.649756 -1.371184 
-1.586536 -0.152344 
-1.363837 -1.299811 
0.121569 -1.762716 
-0.094812 -1.401025 
-0.927436 -1.343372 
-0.180592 -1.395808 
0.568184 -1.162596 
-0.613605 -1.653472 
-1.672712 -0.265298 
0.276574 -1.560179 
1.495420 -0.403781 
-1.626508 -0.331508 
-1.825184 -0.179717 
0.947866 -0.866773 
-1.371846 -0.938837 
0.929650 -1.101158 
-0.093432 -1.740936 
-0.166839 -1.644642 
-1.496574 -1.054127 
-1.456941 -0.920530 
-0.090505 -1.512139 
-1.103090 -1.549217 
-0.579870 -1.440838 
-1.693908 -0.487212 
0.546042 -1.521209 
-1.407295 -0.713882 
1.140004 -0.394777 
-0.967203 -1.541636 
0.045956 -1.414528 
-1.313028 -0.913709 
-1.616862 -0.526388 
1.397462 -0.326790 
-0.940671 -1.330939 
1.422897 -0.444352 
-1.032486 -1.259844 
1.513295 -0.548086 
-1.930336 -0.370290 
0.045285 -1.635821 
0.662201 -1.205885 
0.330982 -1.489654 
-1.143352 -1.017899 
0.561730 -1.409028 
1.429847 -0.044232 
1.318017 -0.278551 
0.575058 -1.560440 
0.095213 -1.735477 
0.822923 -1.054748 
-0.152928 -1.625707 
0.236796 -1.580314 
-0.965340 -1.592606 
0.680927 -1.311499 
-0.755524 -1.390259 
0.233188 -1.408444 
1.559349 -0.150653 
-1.679854 -0.914206 
1.474982 -0.320952 
-0.872580 -1.473487 
1.334595 -0.047743 
0.400502 -1.511777 
1.005840 -1.225452 
-1.970044 -0.022508 
0.162002 -1.630074 
-1.398946 -0.849563 
-1.883162 -0.244864 
-1.844581 -0.179892 
1.464111 -0.380316 
-0.561920 -1.348328 
-0.928335 -1.186757 
1.179899 -0.335536 
1.135137 -0.488868 
0.827618 -1.353032 
1.227020 -1.075195 
0.749446 -1.070806 
-0.367704 -1.788571 
-0.482998 -1.622821 
-0.771868 -1.428262 
-1.478610 -0.569275 
0.517546 -1.306114 
1.291706 -0.405461 
-1.454964 5.142118 
-1.057988 -5.410215 
4.307847 1.268187 
3.109500 -2.005986 
3.993878 0.824427 
-0.614424 3.765698 
-3.649076 -2.347055 
3.763647 0.992905 
4.224283 -0.599970 
-4.015337 -0.278058 
-1.514353 -3.334022 
-1.807919 2.899983 
2.144544 -4.322139 
-3.772723 -1.604135 
1.670984 -3.482231 
-2.057700 3.753020 
-0.157593 -5.023431 
4.392680 0.511083 
4.340898 -0.940292 
-1.945673 -4.473274 
3.890480 -0.691393 
2.482026 3.651568 
1.645160 4.130759 
3.103933 3.460524 
4.135757 -3.182908 
3.678162 0.841060 
1.359533 -4.749443 
-2.447674 -3.431486 
-2.487134 2.682149 
-3.482033 3.376770 
3.515435 2.013046 
-3.827125 -3.868041 
-3.156754 -2.668298 
-0.398425 -4.603268 
1.124422 4.926524 
-2.158504 -3.315526 
-1.493861 4.731661 
3.357200 1.512401 
-1.028914 -5.374847 
2.502521 -2.765907 
5.224700 0.122577 
4.208534 -2.992444 
3.234548 4.254206 
-4.621843 -0.818729 
5.240637 -1.812255 
1.032722 -3.927379 
4.246743 -1.359394 
0.723341 3.644411 
0.342731 3.379204 
4.090943 -3.536839 
1.761767 -4.811668 
-3.984736 -0.129234 
-4.633099 0.510229 
2.464300 3.084060 
-0.746093 5.554849 
2.980517 3.458137 
5.305989 1.280254 
2.151635 2.930364 
3.404736 4.448072 
-5.525762 0.203072 
3.045358 -4.411187 
2.297611 4.518647 
-1.827659 3.558264 
0.621217 4.008708 
2.114488 -5.191535 
5.129406 -1.128110 
0.521905 4.607341 
0.697677 4.996593 
0.716482 4.892395 
0.088380 -4.701551 
5.178028 -0.099189 
0.608955 -4.789736 
-3.928413 0.607126 
0.693944 4.924843 
1.136491 -3.429504 
0.399542 -3.734183 
-5.116546 0.523269 
-4.395169 -2.406914 
3.341635 -0.861689 
4.298648 -0.519804 
-2.533035 3.574784 
-3.470378 -3.727446 
0.636524 -3.518375 
-1.522415 -4.995999 
2.989922 -3.406694 
-1.048461 -4.540681 
3.897135 3.313877 
-0.649525 3.987922 
4.264501 -3.253347 
-0.012066 -4.172751 
3.435851 2.473377 
-4.178479 2.514811 
3.814151 2.124075 
0.157232 -5.246528 
3.315307 -2.271017 
3.223892 -1.498989 
3.788325 2.061579 
-1.573978 -5.124441 
5.112370 1.085175 
3.666461 2.492377 
-2.748547 -1.974360 
3.647793 -1.214075 
-3.342702 -3.932749 
-3.158986 4.306411 
3.455762 2.399342 
1.248025 5.441773 
-0.230799 4.906768 
1.568444 3.868798 
-3.939905 2.889570 
2.219289 -4.517790 
4.097978 -3.082607 
-4.166587 3.197442 
-3.084609 1.878269 
2.059718 -4.018763 
-0.005392 -3.941409 
-2.099765 3.411461 
-4.105439 1.721475 
-2.025140 4.889679 
2.560278 -3.746190 
-2.167205 -3.637265 
-3.127038 -1.840672 
0.886786 4.378302 
-1.231906 -3.424565 
4.626334 2.646779 
-0.072989 -3.553949 
-4.766063 -0.734636 
5.155728 0.337572 
-2.821138 -2.755924 
-4.749668 2.060242 
3.803113 2.162787 
-2.352155 -2.857935 
3.389790 -4.301436 
4.541931 -2.477303 
5.009096 -0.638909 
-0.358458 4.644999 
-2.686153 2.236018 
-2.874024 -2.359627 
4.477110 -3.340618 
-4.632532 -2.497019 
-3.883234 3.955596 
1.571626 -4.224458 
-4.727356 -2.847637 
-4.694419 0.976321 
-1.856122 -3.286803 
2.304122 3.068464 
4.142364 0.762487 
0.063617 3.942004 
-2.551387 -2.985549 
5.444795 -0.590675 
-2.011636 -3.380676 
-1.392731 -4.757009 
0.705523 -3.400412 
2.556370 -2.376142 
-3.786416 0.449970 
-4.396744 1.955324 
-1.796703 3.343624 
-1.145880 4.178840 
1.098441 3.451823 
-3.378850 -3.943839 
2.402568 3.117843 
4.971955 2.388381 
0.527584 -4.931275 
4.757530 0.501347 
-2.935606 1.827261 
3.540236 1.152304 
3.779077 3.788709 
0.025845 -5.120563 
-3.957688 0.255121 
-4.120500 1.853676 
0.369338 -3.885781 
-4.844107 0.790747 
-3.990640 -1.906975 
-1.652557 3.980771 
1.583603 -4.905391 
0.560060 -5.333004 
0.637274 -5.146637 
-4.238557 -3.098603 
-4.130225 -0.517695 
0.337680 5.475922 
-1.840805 4.537990 
-1.163066 4.192217 
-5.030886 2.021914 
-4.469395 1.637320 
-1.417199 -4.881722 
-5.011148 -1.801173 
-3.538414 3.809207 
4.197677 -1.042659 
-3.398521 3.561281 
-5.500841 -0.668540 
-0.189141 -5.240798 
-4.402745 3.098306 
-4.721846 -1.997895 
-2.920718 -2.476776 
0.915377 -3.590932 
-3.705950 -1.913194 
-4.904933 1.642851 
3.099472 1.727165 
4.036285 1.730220 
4.312088 0.625274 
4.174728 0.063557 
0.539058 3.417818 
0.245817 4.261828 
-1.769832 -3.656380 
-2.070978 4.088372 
0.984524 -5.373098 
4.049024 0.762831 
-3.852735 1.396601 
-0.103536 3.487649 
-0.314584 -3.536296 
5.368594 -0.789381 
-1.587582 -4.417660 
3.438181 0.571926 
0.328262 4.859914 
-4.019863 -2.011318 
3.469725 -4.343079 
-0.307926 -4.600485 
0.492759 4.771555 
3.749145 -0.409156 
-3.264076 -2.247777 
-3.240823 1.758011 
1.118131 4.525397 
-4.294591 -0.664096 
-1.315361 -4.337845 
-3.834311 3.245377 
4.044866 -3.003364 
-2.414782 4.131445 
-4.423881 -1.481496 
1.042220 4.701931 
0.994643 -3.736707 
-4.163457 2.140194 
0.610774 -4.078932 
-0.538123 4.573395 
-1.732222 -4.027627 
4.433091 2.833937 
-0.134417 4.731732 
1.428018 4.465546 
3.786082 3.472025 
-3.443343 3.847498 
-5.196499 2.067562 
1.335295 3.098824 
-3.616696 -3.477023 
-0.181373 4.871429 
-4.786591 -0.844749 
1.291331 4.256059 
-4.867881 -2.288487 
5.255311 -1.950482 
-4.783878 -0.116615 
-3.187810 3.701478 
-2.082602 4.348897 
3.179380 3.381416 
3.784269 -4.147294 
2.082186 4.016915 
-2.098295 4.952257 
3.737529 -2.761620 
-3.657642 -3.862590 
1.802574 -3.771468 
-0.193213 -5.433493 
-3.425752 -3.824569 
5.078938 -1.185982 
4.176053 2.020527 
1.577394 5.153633 
3.037899 -1.726801 
0.769394 4.466959 
-2.624349 -4.108419 
-4.705078 -2.331986 
-0.672801 3.887982 
0.215083 -5.151122 
0.775767 5.303081 
-2.843862 4.608714 
2.855857 -4.604449 
4.108896 -2.292351 
-2.219539 3.164832 
1.927120 3.218188 
-2.294762 -3.406386 
-3.943791 -2.209948 
-3.933201 -3.513351 
-0.355724 5.592032 
4.037452 -1.196119 
-0.843293 -4.944807 
-3.426324 3.247354 
-3.393198 -3.126066 
-1.634023 5.073938 
0.493108 -4.396018 
4.327801 -0.827873 
-5.032301 -1.382829 
-1.001917 5.354791 
-2.476494 -2.359788 
-0.141373 5.293388 
-0.873001 -4.689061 
0.298258 -5.286402 
-3.962532 -2.924070 
-2.373395 -3.693579 
-4.466019 -3.305140 
-3.196719 1.867964 
-3.734800 0.392571 
-1.125610 -4.716407 
5.248001 -1.511341 
3.473689 0.169366 
0.909699 -4.513160 
3.224538 -1.773242 
0.471891 4.961109 
2.148231 -4.429352 
-2.832833 -2.662434 
0.923365 -3.517343 
-1.200090 3.989032 
5.073377 1.807356 
5.036181 -0.998216 
-3.191922 -4.575779 
3.474235 2.538598 
1.144661 -4.094290 
2.563717 -3.402300 
-1.528566 4.547806 
2.052916 -2.884006 
-2.252782 2.792855 
0.165211 -4.878264 
-4.675804 -1.852937 
-5.264599 -1.071051 
4.625187 -0.886732 
-3.624263 -1.325026 
-4.676864 -1.303118 
-5.464538 0.990178 
-4.159228 -3.204386 
-3.067194 4.650112 
5.020367 -2.242836 
-1.546533 -3.103595 
-1.183762 -3.888476 
-2.514612 4.005528 
-4.780080 -1.642891 
3.178368 -4.152773 
4.945418 1.976126 
0.482009 4.627582 
-3.421770 -4.440338 
3.195401 4.015360 
-3.376025 3.383971 
1.435196 -3.861487 
-4.963161 0.943960 
-3.722260 0.906526 
4.270319 -0.251180 
3.658062 4.177296 
-2.166564 -4.388448 
0.077212 4.815140 
1.570034 3.131320 
-3.583014 2.473071 
0.653559 -4.410987 
-5.350883 1.490056 
-4.006751 0.912278 
1.909194 4.472682 
0.290375 3.373218 
2.987950 4.328595 
-0.144522 3.418013 
-0.350520 4.157332 
-4.015666 2.503704 
-0.934098 3.362504 
-3.225395 2.806328 
1.920761 3.517691 
1.058463 4.566184 
-0.068572 -4.039725 
-4.153194 1.629293 
4.428828 1.805821 
5.501498 -0.176469 
-2.308069 -3.622083 
-2.517668 4.884825 
-4.184185 -0.842121 
5.431637 1.163073 
2.473424 -3.131485 
3.584950 -3.272070 
2.313295 -3.555453 
-2.777919 3.160164 
-0.392964 4.401542 
-1.821104 -5.122147 
2.757552 4.331152 
3.774232 2.981614 
0.479069 3.636880 
-2.567402 -3.002760 
2.440383 2.349213 
2.666284 4.293456 
-4.736668 0.152002 
-4.291402 0.500606 
-0.491101 -4.301079 
5.184942 -0.831397 
-2.758592 3.904269 
4.879527 0.226911 
-3.543537 -1.981764 
-2.982934 2.214819 
-3.846243 2.270590 
1.513690 5.003850 
-3.464421 -1.607277 
-4.211899 -0.214013 
-3.264418 -3.040263 
-2.087553 -4.307051 
-0.925727 5.282577 
-0.266432 3.899851 
-0.434998 3.794046 
-1.703980 4.322527 
2.949007 2.550543 
1.944970 -4.204865 
-1.588193 -3.732480 
-0.784672 3.700539 
1.180575 4.694094 
2.707951 -4.077724 
-2.074186 -3.741673 
5.015064 -0.636480 
3.739032 0.612566 
4.500144 1.500392 
-3.301671 -3.454267 
-4.438852 3.248658 
2.336672 4.276772 
-4.063985 -1.515082 
4.969715 -1.099304 
5.228851 -0.899015 
3.158689 -3.460998 
1.071324 -4.591393 
-3.503704 -3.965701 
3.552158 2.087146 
1.322186 -3.535990 
3.689800 4.200314 
-4.270818 0.044950 
-0.951140 -3.564689 
5.143568 2.060215 
0.231804 5.223485 
-0.630766 -3.895061 
3.980928 2.637600 
-3.934126 -3.841724 
4.490468 -2.119962 
2.996061 2.344472 
-3.456175 -3.368236 
-3.963913 -1.825603 
-2.632711 -3.333640 
5.549006 -0.207669 
-1.980816 4.346659 
-2.375232 2.648455 
-3.199081 3.741971 
3.031942 3.251868 
4.159760 2.762346 
4.462848 2.647008 
1.146695 5.373783 
4.193544 0.143132 
3.654556 -1.351172 
-0.892861 -5.108024 
-3.648993 1.555004 
-1.711754 -4.907477 
-2.862188 -2.230358 
-3.539649 -0.013686 
1.798563 -4.542623 
0.204940 3.946739 
1.823919 -5.255079 
-3.017177 -2.687744 
2.420111 4.276276 
-1.395318 -5.212224 
2.083325 3.877831 
3.711642 3.918233 
-3.643076 -1.805308 
-1.640356 -3.062093 
4.156750 3.570548 
-5.339682 -1.556169 
-3.649315 1.143007 
-0.725598 5.486469 
0.593963 4.402854 
2.633624 -2.784579 
-2.635575 3.175860 
-3.539671 -0.772700 
2.220930 2.724931 
-2.434252 2.633228 
1.469703 4.100969 
-4.249007 -2.368192 
-3.039789 1.498684 
-0.617117 3.581685 
3.248774 -4.336098 
5.352904 0.414062 
0.066373 -3.560367 
2.606528 -2.385907 
-3.676851 -0.223720 
-4.603320 -1.887701 
-3.857581 3.179160 
-5.331415 1.171441 
0.731591 4.869979 
-4.607251 1.195534 
-2.041450 -4.570255 
-1.090629 5.030695 
-4.051478 -1.909940 
4.620656 -1.947068 
3.462889 1.993416 
0.208922 3.415202 
-2.198079 -4.895360 
0.277200 -4.736949 
2.962954 3.793736 
-2.632231 -2.538955 
0.334578 4.026031 
-1.891946 -4.452740 
4.153010 1.595278 
2.140031 -4.240722 
-4.945713 -1.423881 
4.747069 0.649332 
3.243544 -1.637192 
-0.933269 -3.275839 
1.501477 3.783281 
-1.346363 3.423146 
4.319192 -3.268418 
1.416341 4.950834 
3.640519 -2.095726 
-2.433224 2.478913 
-3.535581 -2.843660 
-3.867150 -3.282837 
-1.335084 5.080600 
-2.700725 -4.770423 
2.647936 3.944844 
3.939794 1.150386 
-4.107545 1.276032 
-2.697630 -3.666958 
-0.122391 -4.418069 
2.279146 -3.268386 
4.659077 -1.716593 
4.374726 -0.440929 
-3.021397 -3.189699 
-3.805281 2.411621 
-1.603093 -3.941125 
-0.733022 -3.627565 
3.093362 -4.202896 
2.130239 -4.843592 
1.307293 -5.003449 
0.389582 3.727967 
-0.540611 3.379753 
-2.530442 2.521382 
0.942865 -4.271984 
3.528243 1.815121 
-1.586889 3.536394 
1.538166 5.003578 
-2.501125 4.083161 
1.236389 -4.400227 
1.168647 -4.187161 
2.607768 -2.374111 
3.444616 -4.344616 
-2.462860 -4.786273 
3.182637 1.768565 
-5.094200 2.050923 
-0.219536 -3.458359 
-3.563684 3.375229 
1.667523 4.759022 
-2.566981 -4.937404 
-4.588920 -3.058029 
-0.828907 4.720084 
3.485873 -3.463521 
-0.873368 5.450543 
-1.692633 4.457664 
-4.519687 3.068340 
-3.309407 1.324019 
-0.884567 -5.469794 
-3.532118 0.227042 
4.717833 -1.608850 
2.897281 -3.078950 
1.846290 -2.902240 
-1.947294 -4.619981 
4.122456 1.972169 
-2.968291 2.662953 
-3.517636 -3.654244 
-5.022475 -0.192931 
1.851933 -3.106927 
-1.309966 4.364363 
2.553160 -4.622537 
3.701043 1.473998 
2.505241 3.436133 
0.754402 -4.948653 
-3.385469 -2.673517 
3.854642 -3.479994 
4.236031 2.008291 
1.776506 -3.864076 
-4.182221 2.800268 
0.979853 5.435139 
0.672765 -5.548362 
-1.054797 3.365545 
0.841361 -3.530749 
4.657727 -1.085643 
3.518595 1.361857 
-1.374768 -4.064502 
4.928800 -1.010125 
5.556737 0.183238 
-3.351424 4.485337 
-5.022316 1.630487 
4.520942 3.144065 
0.564689 4.324241 
4.947580 1.474248 
-5.484995 -0.363617 
-4.106738 -2.809301 
1.150917 3.587230 
-2.429444 -4.107130 
3.448013 -4.020418 
-1.491851 -4.410364 
-0.685332 -3.386964 
-0.047384 3.648047 
-2.309903 -2.984504 
-0.090997 5.120241 
1.151369 -3.730819 
-1.030455 -3.819531 
0.804983 5.531005 
-0.003616 -4.965888 
2.279155 4.728914 
5.206198 0.054434 
3.550646 4.131036 
2.009109 4.127764 
5.469628 0.400287 
-1.232948 -4.615700 
5.029216 -1.017551 
-2.494963 -3.349740 
-3.825803 1.882954 
3.139011 -2.295378 
-2.068673 3.272114 
-3.763715 2.738265 
3.910845 -3.679003 
2.714875 -2.524511 
4.312161 -2.856980 
-1.748115 -3.983734 
5.185274 -0.546846 
2.956500 -4.687195 
0.414509 -5.227385 
4.317310 -1.125511 
-5.251745 0.123268 
-4.246714 -2.431262 
4.717977 -2.812993 
-0.084128 4.629105 
1.410045 -4.140252 
-4.353031 1.661308 
-4.782076 -0.081513 
-2.980896 -4.567727 
-3.956750 3.478156 
0.979133 3.460890 
-1.393964 -3.872880 
4.167552 -2.238930 
2.911138 1.707040 
-3.468545 -1.949603 
-3.366595 4.335095 
-4.171646 -0.187986 
-3.670556 0.629990 
-2.961481 -4.011604 
2.496286 3.888970 
3.668572 0.580211 
1.300131 -3.870984 
0.300408 3.427559 
3.385776 0.058733 
-1.719519 4.889522 
3.467304 -3.842125 
-3.421685 -4.330958 
-1.888174 3.872652 
3.987828 -1.359811 
-2.820800 3.140091 
1.323042 -4.006010 
3.972406 -2.347585 
-0.097117 -4.667415 
1.092835 3.925567 
0.143088 4.089596 
2.295900 -3.677219 
2.168263 4.752164 
-3.552890 -0.399854 
-2.219798 2.992050 
-5.518016 0.587073 
-4.519990 0.828827 
-4.223987 1.642490 
-0.143068 4.336193 
-2.766734 -3.553542 
-5.100256 -0.988960 
-4.037235 3.089769 
-1.273240 -3.857546 
-3.557119 1.656269 
0.100993 -4.055184 
3.600317 -2.081112 
-3.406552 -3.358308 
1.928613 -4.598898 
-1.279427 5.275224 
-5.307630 0.045146 
-4.764382 0.735433 
-3.834167 -3.658838 
4.645867 2.939477 
-2.878579 3.686290 
1.892370 -4.573313 
2.366001 -3.072852 
-4.183180 -2.992174 
-1.278279 4.721933 
3.708058 -4.171915 
-1.788720 -4.022329 
-1.950760 -4.181274 
2.494422 4.736518 
3.821202 3.559870 
-4.234297 -0.070956 
-3.158510 -3.132417 
1.665073 3.960908 
-4.980404 -2.025612 
3.438299 -1.157119 
-0.291078 5.001902 
-2.804223 2.421873 
2.771617 -2.129209 
-3.953702 -3.902078 
2.581042 -4.796687 
3.004418 2.503682 
-3.291375 -4.364170 
-3.225361 1.144708 
5.373898 -0.598391 
3.587343 -2.945109 
-2.674346 -3.971363 
-1.923644 5.251091 
-2.677390 4.699147 
3.038009 -2.584057 
-4.102453 -1.296362 
1.036518 4.253865 
-4.073571 -1.129234 
-2.656563 4.776029 
5.119566 -1.429611 
-2.913906 3.559766 
3.530838 -3.267290 
-0.090741 -3.752265 
0.013581 4.284710 
-0.898958 -3.425692 
4.624443 2.122050 
3.303919 2.134652 
0.453046 3.845141 
-4.621882 0.894209 
3.042000 -4.585928 
5.165684 -0.853619 
-0.487161 -3.995648 
-0.701400 -4.446432 
2.636348 -3.396139 
3.491092 -2.849614 
-2.210245 3.922276 
-1.946991 -3.482474 
2.446728 3.347552 
-2.583726 2.589733 
-4.235767 2.485272 
-2.341684 -3.258692 
-1.897447 4.835198 
-3.957016 -2.059380 
0.150326 -4.725805 
4.184888 -1.960900 
-3.080366 -3.041074 
3.780577 -1.343388 
2.073380 3.143479 
-3.043256 2.495357 
-0.039198 5.532218 
1.378520 -3.627190 
4.163454 3.139035 
4.176226 2.306042 
3.765623 -2.900237 
-3.997292 -1.683441 
3.828149 -0.821435 
-1.617041 4.147736 
3.835352 -0.604079 
3.379459 3.335710 
-0.838313 4.019580 
-0.224001 -4.764574 
-5.461663 0.573866 
-4.390307 2.810514 
1.947051 -3.592350 
-3.210139 -2.549726 
-2.809261 4.646694 
1.916787 -5.111523 
-3.221669 4.054569 
2.058518 -3.535690 
0.058841 3.667961 
2.714523 4.179934 
-3.710758 1.124476 
-1.609919 -4.193615 
-3.105708 3.744380 
-3.501877 1.277892 
2.325219 -3.798864 
1.326247 5.410545 
4.016275 -2.402600 
-1.942814 -5.145016 
1.179017 5.042794 
4.006619 1.376049 
1.413769 4.903402 
3.418030 4.171019 
-3.041669 -1.661372 
-3.392174 0.953300 
5.054807 -1.534070 
1.863966 3.207217 
3.032347 3.095033 
4.942200 2.351899 
-2.800055 4.110263 
3.587860 0.984872 
-3.720045 -1.822769 
2.432452 -4.197606 
4.094966 1.849963 
1.660837 3.505830 
-3.032420 -2.971331 
-1.598479 -4.298361 
5.499151 0.152586 
-4.516090 -2.104177 
-0.016147 -4.935789 
-2.539906 2.221010 
0.546262 4.412403 
-2.983614 3.350209 
0.238806 -3.647420 
2.152465 5.113561 
0.977454 3.796992 
-4.245231 -2.691004 
-3.564482 -1.400092 
1.838147 3.712826 
1.772154 4.854518 
3.775466 0.950288 
4.614284 -2.779215 
0.942621 3.742502 
3.960822 -1.297278 
-5.465281 0.858851 
3.167357 -3.138092 
-3.091893 -4.116234 
2.775552 4.066564 
3.034115 -4.183404 
-1.762147 -4.170403 
3.558962 -2.266307 
1.710287 -5.187834 
0.547634 5.212070 
1.854580 -3.356712 
-4.785434 1.128087 
1.088914 3.442820 
3.087585 3.052273 
2.950740 -2.228902 
-1.625931 4.049728 
-3.828173 -1.993236 
4.706984 2.957494 
-3.034616 4.601579 
3.673531 1.516609 
4.845005 1.941490 
-3.085578 -3.814487 
-3.903517 -2.211936 
2.535862 -2.639900 
1.579536 5.214280 
2.516155 4.380046 
5.338031 -1.005120 
3.524209 -0.587325 
-0.395193 4.349542 
4.593416 1.920831 
1.543652 -4.328174 
4.666818 1.473783 
4.263687 3.462000 
2.089985 4.218384 
2.599721 2.859771 
1.078505 -3.686267 
-1.137031 3.938515 
4.314533 -2.544657 
4.622593 -0.242002 
3.595346 -0.655707 
0.256470 -3.937739 
-4.723727 2.055930 
2.331587 -3.788676 
-2.687411 -2.437319 
-5.278689 0.227373 
1.900378 -3.329488 
0.981015 -4.990023 
-3.644708 -0.445164 
3.796686 2.500290 
-3.816293 1.385751 
-2.020831 -4.041566 
1.511572 -3.058702 
4.567355 -2.540516 
2.319924 -4.817012 
-4.460823 2.215051 
5.201503 -1.017014 
-3.905673 -3.522277 
-0.229356 -5.190109 
-3.027794 -3.807963 
3.825572 -1.061042 
2.508317 -2.923838 
-3.929465 -3.489178 
2.869544 -3.366352 
-2.138290 3.001377 
1.968907 -5.101585 
-3.132219 2.853539 
4.637911 1.051962 
4.644976 1.081614 
-2.524437 4.709845 
0.354139 3.902344 
4.603292 1.566751 
4.422973 3.004102 
-1.286268 -5.412623 
2.561422 -3.213084 
0.832979 4.392780 
3.667848 -2.597175 
-2.347022 -3.180727 
-1.179950 -4.131308 
-1.755195 -3.648353 
3.723507 0.746098 
3.401049 -0.330451 
-3.717988 -1.324834 
-2.293044 -2.676609 
-2.887544 4.171154 
-1.961959 4.792254 
2.135266 3.986709 
-4.062090 3.140404 
2.836822 -2.796452 
3.626302 -3.118579 
3.356495 1.071959 
2.647271 3.508870 
-4.212485 0.387796 
-4.885498 -1.689345 
4.123501 -1.424902 
5.100218 -0.906178 
-2.658188 4.055090 
-3.780262 -3.430972 
-4.044744 -1.913448 
-5.085785 1.948026 
-3.437548 0.229128 
3.142312 -2.772668 
2.160443 -3.874806 
1.812234 -4.002471 
-2.300039 -2.650069 
1.194846 4.215315 
-3.794039 -0.644762 
3.446747 -0.157684 
5.133932 1.708346 
3.235625 -3.139201 
2.750021 2.564676 
3.275762 2.489933 
1.941820 4.151106 
5.134702 -1.727032 
-0.787590 4.777453 
2.401183 -4.985408 
4.166490 2.246577 
0.799776 4.838304 
4.141661 2.294228 
-0.846457 5.099076 
-3.519200 3.230820 
2.444936 -3.579428 
4.307091 -3.475533 
2.769968 4.212668 
2.349715 4.958885 
0.712292 -3.817780 
-4.898352 -0.730715 
5.212763 -1.352226 
-5.239148 1.202734 
1.225765 5.168036 
0.809246 -4.785840 
-4.524883 -1.070665 
-4.296578 0.724552 
2.947198 -1.696422 
-0.022821 -3.660802 
-2.441128 -2.506951 
-4.982481 1.671255 
-1.349143 3.136826 
3.618416 -2.643894 
4.694199 1.437081 
2.933743 3.373690 
-4.310287 2.540813 
-2.596255 -4.710923 
5.035056 -1.925879 
4.554286 0.103796 
-3.127548 -2.368856 
-3.213325 3.882702 
-3.412527 3.291567 
-3.870031 1.538723 
-2.966342 3.850225 
2.932996 3.390758 
4.939386 2.283698 
2.490665 4.529473 
4.335934 -0.528820 
-4.193417 -1.064576 
-4.399217 0.777343 
3.644219 1.942074 
-1.866607 4.374974 
3.077769 3.405585 
4.890731 -0.438811 
4.868577 -0.817121 
-2.871875 -2.429019 
-2.989302 -3.024802 
5.018392 -1.430443 
0.350037 4.443343 
-3.740076 2.719946 
-2.491779 4.163681 
-2.704671 -2.018458 
0.585460 -5.024233 
2.781927 4.229237 
2.598197 2.763544 
3.771245 1.920175 
-4.751917 -2.566841 
-3.473585 0.924255 
3.905759 -2.831783 
0.345847 4.101422 
-4.001826 -1.885708 
-1.340613 -4.990295 
0.251334 -3.569197 
-4.171004 -1.354318 
4.723024 2.436242 
-0.804389 4.261286 
-3.129383 -2.558064 
-2.839409 -4.435439 
-2.809726 -3.110328 
3.650980 -3.752905 
2.860379 -2.081015 
4.909242 0.227690 
2.852668 -3.404875 
2.473469 -3.236567 
5.249636 -1.973015 
4.478385 -1.140949 
0.966580 5.091855 
3.492658 2.747596 
-2.984820 -4.467070 
2.203665 3.834823 
3.780908 -0.760409 
4.501403 1.694164 
4.221331 -0.045618 
4.483162 2.921077 
-0.524097 3.659981 
-3.563939 -4.183029 
-4.781256 -0.034948 
