0.6612083315849304
0.7436476349830627
0.7876905798912048
0.8198757767677307
0.8498023748397827
0.8712591528892517
0.8915866613388062
0.918690025806427
0.9232072234153748
0.9345002770423889
0.9491812586784363
0.9491812586784363
0.9463579654693604
0.9604743123054504
0.9616036415100098
0.9644268751144409
0.9706380367279053
0.9762845635414124
0.9875776171684265
0.9706380367279053
0.9768492579460144
0.9740259647369385
0.9808018207550049
0.9734613299369812
0.9909655451774597
0.9909655451774597
0.9745905995368958
0.9819310903549194
0.9824957847595215
0.9745905995368958
0.983625054359436
0.9813664555549622
0.9881423115730286
0.9892715811729431
0.9937888383865356
0.983625054359436
0.9813664555549622
