2.230426
0.38595295
0.35588402
0.13231008
0.11183256
0.31872028
0.110350624
0.08240546
0.043743823
0.3878584
0.054569907
0.04509075
0.021408774
0.3517158
0.05869162
0.017286234
0.022342395
0.652206
0.048070177
0.011698455
0.010999167
0.91593933
0.03853946
0.011134277
0.004046705
0.13502881
0.017774697
0.0048868265
0.0020266487
0.4257781
0.02858831
0.004011561
0.0026475873
0.16525139
0.0095957
0.0030275008
0.0038481723
1.7022945
0.009205044
0.0032900036
0.0028262693
0.1518889
0.004791089
0.0032662398
0.0059451414
0.1949972
0.008476351
0.0061647026
0.0022539706
1.6760798
0.00221127
0.0004209586
0.00088307
0.09600982
0.0025409337
0.002612632
0.00028606137
0.006464877
0.07790283
0.0064600212
0.00071190286
0.058859665
0.00136723
0.006396653
0.0010191967
0.018907905
0.0019070787
0.0014304416
0.0015655416
0.0053605153
0.0005797851
0.0005775214
0.00023457636
0.00529601
0.00034540886
0.0004844684
0.00046885942
0.016632583
0.00052533654
0.00041607305
0.00088795327
0.003942338
0.00015364897
0.00033813957
0.00020358874
0.024933422
0.0002740246
0.0003609006
0.000135055
0.12148617
0.0002771232
0.0004244142
0.00021002471
0.03220507
0.00012647305
0.00013231355
0.00011276563
0.022152942
0.00015913174
0.0003780604
0.007339183
0.009745638
5.805324e-05
0.000109904926
0.0034208135
1.8668423
4.088795e-05
0.00046778703
0.00011955977
0.0028564625
0.00011860621
0.0006329202
1.4305013e-05
0.029446734
6.7112574e-05
0.0030330867
1.4066597e-05
0.0006674684
5.8887654e-05
0.0021113502
4.9828242e-05
0.0008027907
0.0002518575
0.0022280412
1.5020258e-05
0.005534445
5.805324e-05
0.0008057685
2.5152844e-05
0.0006823595
8.9045374e-05
0.00045515667
3.70734e-05
0.013346262
3.9934315e-05
0.00019643761
6.12717e-05
0.0012542485
2.9921084e-05
0.0013706823
2.6940936e-05
0.0004911409
0.00015925094
0.00084555155
2.2768714e-05
0.00088473747
3.2901222e-05
0.0007776574
0.0002124084
