0.21739129722118378
0.25362318754196167
0.1666666716337204
0.18115942180156708
0.19565217196941376
0.20652173459529877
0.260869562625885
0.30434781312942505
0.33695653080940247
0.23188406229019165
0.21739129722118378
0.1920289844274521
0.18115942180156708
0.21014492213726044
0.17028985917568207
0.19927535951137543
0.2028985470533371
0.18478260934352875
0.1920289844274521
0.21014492213726044
0.15217390656471252
0.18840579688549042
0.1920289844274521
0.24637681245803833
0.260869562625885
0.2644927501678467
0.25
0.25362318754196167
0.26811593770980835
0.3007246255874634
0.3333333432674408
0.31521740555763245
0.27898550033569336
0.29347825050354004
0.3550724685192108
0.42391303181648254
0.4384058117866516
0.4492753744125366
0.4637681245803833
0.4384058117866516
0.3695652186870575
0.4166666567325592
0.37318840622901917
0.40942028164863586
0.40942028164863586
0.42391303181648254
0.40942028164863586
0.39855071902275085
0.3949275314807892
0.40942028164863586
0.43478259444236755
0.489130437374115
0.4202898442745209
0.47101449966430664
0.48188406229019165
0.49275362491607666
0.5
0.4637681245803833
0.4021739065647125
0.4275362193584442
0.48188406229019165
0.489130437374115
0.5036231875419617
0.4746376872062683
0.5
0.46739131212234497
0.4637681245803833
0.47826087474823
0.5072463750839233
0.5471014380455017
0.5
0.54347825050354
0.4420289993286133
0.532608687877655
0.54347825050354
0.5833333134651184
0.5362318754196167
0.54347825050354
0.5398550629615784
0.5362318754196167
0.5072463750839233
0.49275362491607666
0.5579710006713867
0.5688405632972717
0.52173912525177
0.54347825050354
0.489130437374115
0.3804347813129425
0.5289855003356934
0.5724637508392334
0.5724637508392334
0.5760869383811951
0.5724637508392334
0.5978260636329651
0.5362318754196167
0.5471014380455017
0.5471014380455017
0.5724637508392334
0.5833333134651184
0.5181159377098083
0.5471014380455017
0.554347813129425
0.5181159377098083
0.489130437374115
0.5
0.5289855003356934
0.532608687877655
0.5652173757553101
0.5507246255874634
0.5615941882133484
0.5362318754196167
0.5507246255874634
0.54347825050354
0.34057971835136414
0.42391303181648254
0.5072463750839233
0.5471014380455017
0.54347825050354
0.5724637508392334
0.5942028760910034
0.5688405632972717
0.46014493703842163
0.52173912525177
0.4855072498321533
0.6014492511749268
0.5398550629615784
0.5942028760910034
0.5760869383811951
0.5471014380455017
0.5688405632972717
0.54347825050354
0.5724637508392334
0.5181159377098083
0.510869562625885
0.532608687877655
0.5978260636329651
0.49637681245803833
0.5253623127937317
0.5507246255874634
0.5797101259231567
0.5362318754196167
0.6014492511749268
0.5905796885490417
0.6268116235733032
0.54347825050354
0.5905796885490417
0.5615941882133484
0.5579710006713867
0.5978260636329651
0.5652173757553101
0.5652173757553101
0.5652173757553101
0.5144927501678467
0.42391303181648254
0.49275362491607666
0.5362318754196167
0.5362318754196167
0.46739131212234497
0.5
0.5362318754196167
0.532608687877655
0.5869565010070801
0.5978260636329651
0.49275362491607666
0.5072463750839233
0.5398550629615784
0.5579710006713867
0.5507246255874634
0.5615941882133484
0.54347825050354
0.532608687877655
0.5471014380455017
0.5833333134651184
0.5688405632972717
0.5615941882133484
0.5688405632972717
0.5471014380455017
0.5
0.532608687877655
0.5362318754196167
0.5797101259231567
0.5579710006713867
0.5688405632972717
0.5507246255874634
0.4746376872062683
0.4637681245803833
0.5724637508392334
0.48188406229019165
0.54347825050354
0.49275362491607666
0.44565218687057495
0.5144927501678467
0.49637681245803833
0.5253623127937317
0.5289855003356934
0.54347825050354
0.5905796885490417
0.5724637508392334
0.5797101259231567
0.5688405632972717
0.5905796885490417
0.554347813129425
0.5253623127937317
0.4637681245803833
0.52173912525177
0.4311594069004059
0.3478260934352875
0.43478259444236755
0.49275362491607666
0.4420289993286133
0.4275362193584442
0.4492753744125366
0.3804347813129425
0.39855071902275085
0.48188406229019165
0.4057970941066742
0.3949275314807892
0.5036231875419617
0.5
0.4420289993286133
0.4492753744125366
0.49637681245803833
0.48188406229019165
0.4492753744125366
0.4311594069004059
0.4528985619544983
0.49637681245803833
0.3804347813129425
0.46014493703842163
0.46739131212234497
0.5144927501678467
0.5471014380455017
0.532608687877655
0.5507246255874634
0.5869565010070801
0.5362318754196167
0.47101449966430664
0.4057970941066742
0.4021739065647125
0.46739131212234497
0.5362318754196167
0.5942028760910034
0.5760869383811951
0.5181159377098083
0.5615941882133484
0.5942028760910034
0.46014493703842163
0.3333333432674408
0.4528985619544983
0.48188406229019165
0.5036231875419617
0.5253623127937317
0.5036231875419617
0.5398550629615784
0.489130437374115
0.510869562625885
0.5072463750839233
0.38768115639686584
0.41304346919059753
0.4384058117866516
0.4492753744125366
0.4528985619544983
0.45652174949645996
0.4746376872062683
0.5
0.532608687877655
0.54347825050354
0.5724637508392334
0.52173912525177
0.5036231875419617
0.54347825050354
