1.7185328
1.9686544
1.5119195
1.7826073
1.5568129
1.851973
1.5962136
1.494409
1.7339803
1.5705997
1.5210804
1.5565662
1.449013
1.6519134
2.0977538
1.3654348
1.4562085
1.2449211
0.6020697
1.539425
1.7867274
1.9298291
1.5732579
1.416471
1.3078318
2.1664872
1.5245252
1.525455
1.6369638
1.3130288
1.4782864
1.6983237
1.6408582
1.5570663
1.7366138
1.7120095
1.748997
1.6354733
1.8615336
1.4765931
1.2920942
1.8359596
1.8915098
1.7816707
1.6675559
1.6640441
1.5515225
1.7111994
1.5977081
1.7850236
1.6171477
1.7303436
1.6420672
1.6601596
1.652357
1.5863955
1.6454885
1.5918308
1.5046173
1.9370068
1.8757967
2.1905591
0.6568058
0.911406
1.0394418
1.3397186
1.0893568
1.193438
0.60793984
1.5580591
0.50563145
1.1053295
0.5392138
0.850397
0.5076418
1.2485075
0.48433587
1.273054
0.49098602
1.2205358
0.8016819
1.0406626
0.5135813
0.7833499
0.5195361
1.1702771
0.55828553
1.0929372
0.5143995
1.0553274
0.5530001
1.038408
0.5314366
1.1807809
0.51188207
1.1240056
0.5399667
1.043722
0.62049866
1.0376825
0.5236407
0.9642638
0.2923364
1.045425
0.40066895
0.97400683
0.4419333
0.89882696
0.20900677
0.7378486
0.16534759
0.4991609
0.10826354
0.50505185
0.21534766
0.79667413
0.4843244
1.0857844
0.38965702
1.0500859
0.15333973
0.82505536
0.102791354
1.1983283
0.26646852
0.39034894
0.10005462
0.383606
0.15710631
0.28592154
0.17552759
1.1448342
0.17279726
0.27517748
0.5593302
0.42426085
0.15838762
1.5329399
0.054519787
0.10115051
0.044212922
0.34449974
0.5618068
0.38671693
0.8110959
1.0309062
0.11627573
1.037442
0.055355456
0.26872605
0.05674012
0.4307277
0.044912737
1.1982177
0.044980206
2.5220354
0.04535144
0.39094186
0.40413448
0.23543128
0.2308903
2.8104255
0.05839008
0.6423061
0.086902454
1.5990559
0.11739863
0.105576836
0.14574592
0.36506063
0.10408903
2.8873806
0.13884328
1.8299661
0.16510162
0.35093293
0.20316018
0.22394612
0.13882004
0.20806345
0.09638446
0.17426406
0.113653906
0.21442859
0.045063514
0.11934838
0.07440829
2.6244664
0.038280085
0.074288435
0.10985495
0.062323075
0.11313559
0.25337166
0.025269978
0.97312266
0.13424622
0.6531282
0.038329076
3.935288
0.041001383
0.226521
0.07917801
0.22270791
0.07847445
2.7465525
0.51363117
0.08703381
0.07080543
0.08721835
0.5239096
3.7341642
0.51334107
0.063089356
0.08157266
0.16347758
0.088575006
0.81147027
0.06282463
0.057480074
0.05876727
3.6289072
0.14824927
0.15527184
0.1157712
0.09228106
0.4801948
0.58481544
0.47381443
0.5378139
0.14848267
0.35834667
0.16238572
0.43317732
0.08709249
0.26567405
0.08837805
0.2650233
0.14080834
0.8105848
0.11415058
0.20245934
0.07703536
0.39460126
0.06600869
0.16578491
0.7246304
0.34171686
0.039799478
0.53231156
0.031131908
0.53977096
0.04016714
0.04922701
0.043299165
3.6558814
0.02675064
0.07640771
0.03509441
0.3683075
0.026198842
4.2116346
0.041403607
0.09060806
0.5891888
0.14263354
0.11005946
0.7554827
0.047214974
0.26890936
0.08870352
1.093941
0.07392281
1.0828222
0.14143278
0.6145537
1.0499184
0.34433562
0.057321027
0.24868351
0.21780305
0.9380227
0.10375703
0.117448136
0.09451877
2.1145263
0.052041963
0.49430466
0.07709761
2.452713
0.084967405
2.1141372
0.03726327
0.10166388
0.16151431
1.0073959
0.06388692
0.16916503
0.025844824
0.1814836
0.054507032
2.889218
0.045487568
0.09247388
0.102584384
0.35229194
0.025882347
1.625736
0.40141279
0.2533565
0.14487967
0.29560313
0.09308273
0.12741555
0.059571885
0.62738055
0.19325076
0.2577362
0.28921157
3.8610053
0.097804956
0.22750472
0.09997243
0.1332532
0.0772648
0.41076317
0.1492162
3.7486806
0.07974328
0.9588727
0.18064182
0.084581345
0.24950133
2.6734998
0.29543617
0.13800189
0.10091454
0.15054499
0.06041221
1.1689429
0.8019675
1.3664569
0.05109739
0.22366518
0.0487086
0.23376098
0.051840287
1.2948774
0.6579826
1.6912861
0.045830373
3.66446
0.05208157
0.17046456
0.14397305
1.3145583
0.4985748
0.8481472
0.49161303
1.237781
0.13907151
1.5063648
0.41642335
1.4191144
0.12196546
2.1051557
0.123473704
0.09326693
0.057549402
1.4872847
0.5935
1.1049628
0.06121606
2.2953835
0.034800638
0.027524594
0.10420193
0.08538921
0.19819912
0.11498911
0.8557857
0.15770008
1.6237588
0.16979383
0.083660886
2.0093193
0.22431779
1.0582888
0.3590115
0.12527736
0.21141899
0.6976449
0.057547826
0.48442143
0.055133123
1.7623901
0.04180155
3.36163
0.07856349
0.07763935
0.044611916
0.29059717
0.04136895
0.08913477
0.040277526
0.18513614
0.8617401
0.18445526
0.21857831
0.21806763
1.223536
0.5923775
0.7658163
0.74642485
0.7705081
0.89353824
0.5088621
0.89040786
0.645159
0.89735657
0.5623443
1.1389815
0.6520349
0.94885373
0.5598179
0.8506304
0.6266908
0.9370261
0.69442964
0.99612033
0.662364
1.0919499
0.6469836
0.7957558
0.6766416
0.84160733
0.5874731
0.7660654
0.5601954
1.299028
0.7702346
1.2433581
0.7293521
0.7247719
0.47368705
0.7249909
0.8857712
0.99610966
0.7519698
0.76489633
0.62446827
0.67504036
0.6324931
1.1118363
0.58328134
0.85937434
0.47067457
0.91467214
0.44839507
0.6911296
0.5305406
1.2472491
0.3020349
0.40359998
0.40404043
0.3788381
0.24462537
0.24345224
0.21204108
0.19179071
0.19984803
0.23447928
0.130915
0.19829288
1.9810364
0.77975297
0.6078051
1.052067
0.3918644
1.0796105
0.31892604
0.53557014
0.19259702
0.30849415
0.12992412
0.35649353
0.24635291
0.45542824
0.07185096
0.31725538
0.044395164
0.17712231
0.06886087
0.3020304
0.20718776
0.6149147
0.62014234
1.1039507
0.7804585
1.3272356
0.5974574
1.075161
0.60675704
0.50974786
0.4543118
0.44599333
0.64980346
0.92686224
0.19486812
1.0506252
0.08171768
0.053282492
0.05800881
0.06391656
0.023159254
0.26451036
1.4030412
0.8656453
1.0213873
0.88550866
0.8814702
0.82557666
0.8762154
0.83614546
0.80263126
0.93200254
0.79610896
0.8363527
0.6539522
0.8701556
0.41535342
0.5794772
0.06686302
0.33797976
0.19451636
0.9265585
0.34590945
0.850411
0.29678518
1.2874808
1.1483555
0.8554434
0.99278075
0.28446373
