0.18840579688549042
0.23550724983215332
0.23550724983215332
0.24275362491607666
0.3586956560611725
0.40942028164863586
0.46014493703842163
0.489130437374115
0.46739131212234497
0.4746376872062683
0.18840579688549042
0.19927535951137543
0.19565217196941376
0.2028985470533371
0.2028985470533371
0.19565217196941376
0.19927535951137543
0.20652173459529877
0.2028985470533371
0.19927535951137543
0.20652173459529877
0.19565217196941376
0.2028985470533371
0.20652173459529877
0.1920289844274521
0.20652173459529877
0.23550724983215332
0.3079710006713867
0.3188405930995941
0.3007246255874634
0.3079710006713867
0.32608696818351746
0.35144928097724915
0.33695653080940247
0.34057971835136414
0.3659420311450958
0.3586956560611725
0.3550724685192108
0.3659420311450958
0.3804347813129425
0.3840579688549042
0.37318840622901917
0.3659420311450958
0.35144928097724915
0.3478260934352875
0.3659420311450958
0.3695652186870575
0.37318840622901917
0.3659420311450958
0.3659420311450958
0.36231884360313416
0.3695652186870575
0.37681159377098083
0.3079710006713867
0.18840579688549042
0.1920289844274521
0.19565217196941376
0.19565217196941376
0.18840579688549042
0.1920289844274521
0.1920289844274521
0.1920289844274521
0.1920289844274521
0.1920289844274521
0.1920289844274521
0.1920289844274521
0.1920289844274521
0.18840579688549042
0.18840579688549042
0.1920289844274521
0.19927535951137543
0.19565217196941376
0.19565217196941376
0.1920289844274521
0.1920289844274521
0.18840579688549042
0.18478260934352875
0.18115942180156708
0.18115942180156708
0.18115942180156708
0.18115942180156708
0.18115942180156708
0.18115942180156708
0.18115942180156708
0.18115942180156708
0.18115942180156708
0.18115942180156708
0.1775362342596054
0.18115942180156708
0.18115942180156708
0.18115942180156708
0.17391304671764374
0.18115942180156708
0.17391304671764374
0.19927535951137543
0.18840579688549042
0.1920289844274521
0.1920289844274521
0.21739129722118378
0.27173912525177
0.19927535951137543
0.20652173459529877
0.19927535951137543
0.19565217196941376
0.18478260934352875
0.27173912525177
0.3115941882133484
0.3442029058933258
0.32608696818351746
0.3586956560611725
0.3550724685192108
0.34057971835136414
0.3586956560611725
0.3586956560611725
0.33695653080940247
0.3333333432674408
0.3478260934352875
0.3586956560611725
0.34057971835136414
0.3478260934352875
0.3550724685192108
0.35144928097724915
0.38768115639686584
0.3840579688549042
0.18115942180156708
0.2246376872062683
0.33695653080940247
0.3695652186870575
0.4637681245803833
0.47101449966430664
0.5869565010070801
0.6231883764266968
0.6340579986572266
0.6884058117866516
0.6811594367027283
0.717391312122345
0.77173912525177
0.7789855003356934
0.7898550629615784
0.7681159377098083
0.8224637508392334
0.8079710006713867
0.7862318754196167
0.7971014380455017
0.804347813129425
0.8188405632972717
0.8188405632972717
0.8297101259231567
0.8297101259231567
0.8369565010070801
0.8369565010070801
0.8586956262588501
0.8333333134651184
0.8550724387168884
0.8623188138008118
0.8333333134651184
0.8369565010070801
0.8695651888847351
0.8405796885490417
0.8586956262588501
0.8478260636329651
0.8731883764266968
0.8550724387168884
0.9021739363670349
0.8695651888847351
0.8695651888847351
0.8876811861991882
0.8586956262588501
0.8623188138008118
0.8840579986572266
0.804347813129425
0.8840579986572266
0.8768116235733032
0.8913043737411499
0.9021739363670349
0.9094203114509583
0.8478260636329651
0.8695651888847351
0.8949275612831116
0.8985507488250732
0.8478260636329651
0.8949275612831116
0.8913043737411499
0.8659420013427734
0.8224637508392334
0.8949275612831116
0.8804348111152649
0.8840579986572266
0.8985507488250732
0.8840579986572266
0.8731883764266968
0.8804348111152649
0.8804348111152649
0.9021739363670349
0.8659420013427734
0.9021739363670349
0.8876811861991882
0.8804348111152649
0.8985507488250732
0.8985507488250732
0.8768116235733032
0.9166666865348816
0.9239130616188049
0.9021739363670349
0.8695651888847351
0.8985507488250732
0.8876811861991882
0.9130434989929199
0.8840579986572266
0.9166666865348816
0.8949275612831116
0.8804348111152649
0.8478260636329651
0.8768116235733032
0.9239130616188049
0.9311594367027283
0.9130434989929199
0.9130434989929199
0.9311594367027283
0.9239130616188049
0.8876811861991882
0.7898550629615784
0.49637681245803833
0.9239130616188049
0.9384058117866516
0.9130434989929199
0.8731883764266968
0.9057971239089966
0.9347826242446899
0.945652186870575
0.9166666865348816
0.9130434989929199
0.9528985619544983
0.9311594367027283
0.9275362491607666
0.9130434989929199
0.9492753744125366
0.9492753744125366
0.8985507488250732
0.8586956262588501
0.9384058117866516
0.9021739363670349
0.9710144996643066
0.9492753744125366
0.945652186870575
0.9528985619544983
0.8623188138008118
0.9202898740768433
0.9601449370384216
0.9420289993286133
0.9528985619544983
0.9130434989929199
0.9384058117866516
0.9239130616188049
0.8695651888847351
0.9637681245803833
0.9710144996643066
0.9710144996643066
0.8949275612831116
0.9311594367027283
0.9492753744125366
0.9239130616188049
0.9239130616188049
0.9130434989929199
0.95652174949646
0.9601449370384216
0.945652186870575
0.8913043737411499
0.967391312122345
0.95652174949646
0.9601449370384216
0.97826087474823
0.9239130616188049
0.9311594367027283
0.9347826242446899
0.967391312122345
0.95652174949646
0.9347826242446899
0.9710144996643066
0.9818840622901917
0.945652186870575
0.9528985619544983
0.9528985619544983
0.9492753744125366
0.989130437374115
0.989130437374115
0.967391312122345
0.9528985619544983
0.8949275612831116
0.8731883764266968
0.9384058117866516
0.9311594367027283
0.95652174949646
0.9710144996643066
0.97826087474823
0.9818840622901917
0.9746376872062683
0.97826087474823
0.9202898740768433
0.9239130616188049
0.9637681245803833
0.989130437374115
0.9746376872062683
0.9637681245803833
0.9420289993286133
0.9710144996643066
0.97826087474823
0.95652174949646
0.9492753744125366
0.97826087474823
0.9818840622901917
0.9311594367027283
0.9239130616188049
0.9528985619544983
0.9818840622901917
0.989130437374115
0.9963768124580383
0.9710144996643066
0.9601449370384216
0.9347826242446899
0.9528985619544983
0.9818840622901917
0.9855072498321533
0.9855072498321533
0.989130437374115
0.9963768124580383
0.989130437374115
0.9637681245803833
0.9492753744125366
0.9637681245803833
0.9963768124580383
0.9818840622901917
0.9347826242446899
0.989130437374115
0.9927536249160767
0.9347826242446899
0.9855072498321533
0.9601449370384216
0.9637681245803833
0.9492753744125366
0.9601449370384216
0.9637681245803833
0.9855072498321533
0.97826087474823
0.97826087474823
0.9927536249160767
1.0
0.9927536249160767
0.9637681245803833
0.9855072498321533
0.9855072498321533
0.97826087474823
0.9528985619544983
1.0
1.0
1.0
1.0
1.0
1.0
1.0
1.0
1.0
1.0
1.0
1.0
1.0
1.0
1.0
1.0
1.0
1.0
1.0
1.0
1.0
1.0
1.0
1.0
1.0
1.0
1.0
1.0
1.0
1.0
1.0
1.0
1.0
1.0
1.0
0.8333333134651184
0.8659420013427734
0.9094203114509583
0.95652174949646
0.9492753744125366
0.9637681245803833
0.9492753744125366
0.9492753744125366
0.9818840622901917
0.967391312122345
0.9492753744125366
0.9420289993286133
