1.2328112
1.6090989
1.6906073
1.6261678
1.5618352
1.747726
1.7886333
1.5848647
1.4005755
1.3648546
2.0547113
1.305326
0.9491079
1.2347479
0.652607
1.232385
0.30379188
1.2348858
0.3337631
1.323248
2.3006942
1.6158541
1.8153012
1.61358
1.7878238
1.6107233
1.7686875
1.6095967
1.7566156
1.6101592
1.7491605
1.6111181
1.7418914
1.6101832
1.7381179
1.6097718
1.7305499
1.6122043
1.7251253
1.6110656
1.7189472
1.6128099
1.7161458
1.6146519
1.720064
1.6212262
1.7126513
1.6260471
1.7099698
1.5569257
1.6857399
1.5112017
1.7549844
1.6484002
1.7064831
1.2519857
1.688539
1.2344577
1.7010114
1.0343031
1.6715412
1.5168186
1.6775
1.608438
1.569205
0.9695973
1.5753189
0.8393804
1.5479072
1.0037746
1.5630091
0.931319
1.5442114
0.9112227
1.5321592
0.9648001
1.4918435
0.97560996
1.5191164
0.8033801
1.4894882
0.6731599
1.5782595
0.70223707
1.7670169
0.74846417
1.7744225
0.70123684
1.7273042
1.3082012
1.7024939
0.7297464
1.6968459
0.7110944
1.685007
0.7017752
1.6817873
0.69942915
1.6814106
0.6981148
1.6851577
0.6986846
1.6828237
0.695477
1.6816927
0.69547784
1.672268
1.8036604
1.8713031
1.6097225
1.7461529
1.5926708
1.7217746
1.5903078
1.710664
1.5900552
1.7038758
1.5902221
1.6992266
1.5904843
1.6958032
1.5908155
1.6878202
1.5906255
1.6927736
1.5906949
1.6906369
1.5911932
1.6887949
1.5917487
1.687252
1.5924087
1.685909
1.593202
1.6847078
1.59413
1.6836143
1.595168
1.6826162
1.5962783
1.6817112
1.5974197
1.6809001
1.5985585
1.6801766
1.5996726
1.6795406
1.6007437
1.6789804
1.6017613
1.6784873
1.6027195
1.678052
1.6036146
1.6776671
1.604444
1.6773238
1.6052103
1.6770233
1.6059138
1.6767466
1.6065593
1.6765134
1.6071454
1.6762955
1.6076794
1.676132
1.6081548
1.6759626
1.6085813
1.6758487
1.608932
1.6756022
1.6091743
1.675869
1.6094513
1.685538
1.609587
1.6755886
1.6108094
1.6749794
1.6108062
1.6748672
1.6104422
1.6777718
1.612746
1.6788733
1.6010246
1.6783543
1.5719348
1.2424084
1.562938
1.7026148
1.6086572
1.6651374
1.5102307
1.7714274
1.7201585
1.1600015
1.6386094
1.782198
1.6109369
1.7357552
1.6131339
1.7155349
1.6171827
1.7049112
1.6205406
1.6986532
1.5799723
1.6585478
1.4704762
1.6288207
1.507554
1.5944122
1.1378615
1.5717685
1.1530453
1.5527233
1.1156715
1.5553689
1.0440694
1.5527543
0.972267
1.5428147
0.9246016
1.5295947
0.894466
1.5214252
0.8733643
1.5208657
0.8625336
1.5184288
0.8389964
1.5128505
0.82886994
1.5101581
0.8379172
1.5027318
0.8833064
1.5038917
0.9082828
1.4991014
1.2440288
1.5952691
0.9405266
1.4801972
0.83587766
2.0458589
1.5551567
1.7562758
1.5655425
1.0766251
1.5335761
1.0542505
1.2211262
0.9442462
1.1828473
0.95796484
1.0695733
0.90682536
0.73511493
0.9436828
0.6270996
0.9968793
0.67659926
1.0774654
0.4195552
0.8683076
0.53281695
1.1723659
0.46030566
1.1396327
0.6164234
0.6440308
0.6177043
0.40459085
0.6668655
0.18401779
0.7122464
0.15582703
0.6675482
0.18143001
1.1176258
0.07509692
0.87192214
0.079926975
1.530045
0.22498141
1.8238423
0.081969105
0.9740186
0.080807224
0.9339359
0.054422475
1.8021119
0.042125046
0.63685274
0.029639788
0.7968214
0.027582463
1.4504722
0.024582097
2.5819972
0.25921434
1.5678866
0.03065039
1.3156023
0.02727754
0.9243624
0.053339228
1.2010908
0.013081091
1.8401884
0.024877725
3.5081303
0.01525215
1.1481497
0.013496699
1.4745378
0.01667514
1.8801594
0.024537897
2.0618143
0.016098516
1.7198651
0.009708096
1.5842295
0.01057049
1.1202849
0.013347674
1.3391743
0.006896739
1.5686926
0.009722382
1.2743425
0.048135843
1.638931
0.0054835854
4.0780063
0.013108624
1.8572421
0.004197122
1.2713629
0.0072269924
1.1063387
0.005928077
1.3180062
0.0064105117
1.2336953
0.005352215
1.2464063
0.005098081
0.8119456
0.0077586016
1.7948995
0.0044267992
1.7426156
0.0019340873
2.1164339
0.0026676804
1.6357132
0.0015104325
1.26136
0.0019654972
1.5214837
0.0018208129
1.1550512
5.711704
0.7397877
0.007165803
0.92785835
0.0033172125
1.702417
0.0031816359
1.519717
0.008452356
1.008029
0.0018091516
1.1699264
0.002853372
2.0400615
0.0018103415
1.5742946
0.0035232157
1.0055289
0.0019966683
1.3219488
0.005462719
1.537775
0.055312485
0.6291596
0.005796291
1.7342682
0.0011401826
0.6616399
0.0043159435
0.8367809
0.0045854654
0.75690097
0.0027411527
1.8471198
0.026292318
0.93615574
0.019995546
1.7427257
0.004345973
1.894439
0.0023444805
2.22569
0.023654407
1.4997487
0.0034930424
1.6749117
0.006655668
1.3514485
0.003665516
0.74440396
0.038337566
1.2170131
0.00455307
0.66366017
0.030227048
1.1569155
0.027430303
0.94346285
0.03754461
1.4686412
0.012147376
1.0866041
0.0016709903
3.011324
0.0053277886
2.2941084
0.0014186567
1.1214764
0.0022960748
2.0245416
0.0015012672
1.4599316
0.00097429956
2.29147
0.0007881396
1.8352281
2.5395117
1.4909139
0.0012190061
1.1859428
0.00082399265
2.1946163
0.0038582662
1.0813301
0.00093952374
0.38367155
0.010786326
1.9452045
0.00032276666
1.9614602
0.0005234302
2.1197338
0.0006840273
1.1748854
0.0005544079
1.12162
0.00063458807
1.125856
0.00038032452
2.4898126
0.0004757703
0.69804776
0.00068069174
1.259254
0.002462928
1.6523696
0.00047839165
3.300304
0.00038032452
0.4402792
0.0069678887
4.0510054
0.002922314
2.2295048
0.0012919898
1.2789295
0.00067235273
1.2760613
0.00067521184
1.7461368
0.0009893052
5.1499605
0.0012432949
0.5444956
0.0066008386
3.9125319
0.0009147512
0.66597116
0.00056477333
0.6108898
0.00042429505
2.6956515
0.0006663963
1.5070679
0.000343383
2.2668374
0.00068617164
0.9919526
0.00073346414
0.9770659
0.00049245154
0.3974815
0.0032808546
0.43376434
0.00046516565
0.56981194
0.00048411093
0.23595066
0.00038890427
5.6201763
0.00070797175
0.7026812
0.00042524832
0.2991456
0.00612596
1.6557443
0.0005844315
1.0495346
0.0010050251
1.8207759
0.0005765683
0.8684445
0.00037269798
0.65440404
0.00483973
0.93248856
0.0005306981
0.665459
0.00069415313
1.6489074
0.00046075694
0.18264212
0.00045468006
2.890325
0.00028725312
1.2097604
0.0002815327
0.3060091
0.0007825411
0.5214782
0.0004923324
1.2422881
0.00033682873
0.9298155
0.0006140969
0.4497664
0.0006816448
0.31664982
0.0014888879
2.22641
0.0004346618
2.6454518
0.00054797414
1.604419
0.00016699827
1.0412003
0.00036006642
0.15951303
0.00033277695
1.3984725
8.475421e-05
1.7137257
0.00025149997
0.13797769
0.00013267114
0.06993745
0.00037150635
3.6817584
0.0002525726
1.6539052
0.0002448259
0.47043428
0.00033754372
0.13604325
0.00026186852
0.2867981
0.0005094899
0.09790019
0.00050257926
0.45823783
0.00034254882
0.39785802
0.00030060063
0.36323276
0.00032360086
0.18309814
0.0003321811
0.15152323
0.0002537644
0.4898039
0.07265532
0.7047656
0.00048530244
0.087075
0.0004547992
0.10494731
0.0004020121
0.019100897
0.0002972638
1.3731622
0.00029631038
1.9887396
0.0002503082
0.025638605
0.0002805793
0.019230474
0.00030941944
0.0072247437
0.00070058595
0.08649003
0.0010752855
0.084457226
0.0002497123
0.00804872
0.00025567124
0.020763185
0.00018201603
0.4303549
0.00015829741
1.0321165
0.00014375607
0.2583386
0.00013231355
0.09009738
0.0001295721
0.06211024
0.00019441145
0.06682065
0.0002466136
0.007814313
0.0007410879
1.3219417
0.0001315984
0.18893279
0.00018988237
0.07875567
0.00012456595
0.014201176
0.00013028727
0.012702508
0.00018618758
0.06765045
0.000113242415
0.055863447
0.00016628313
0.02079144
0.00013231355
4.618963
0.00041202162
0.42934453
9.548208e-05
0.15053207
9.2621325e-05
0.12630962
0.00011812943
0.012865045
9.619727e-05
0.037688237
0.00016532962
0.092987694
0.00023958198
0.5836322
0.00025328767
0.022112248
0.0003749621
0.022482974
0.00036542892
5.765533
0.00040105882
0.9626712
0.0006400682
0.21097995
0.0003251501
0.06741635
0.00026806575
1.0174711
0.00039259833
0.13563895
0.000343383
0.017907958
0.0002815327
0.010169713
0.00038890427
0.024335945
0.00026425207
0.123332724
0.000292616
0.07718888
0.00045718232
0.07671435
0.00035434644
0.11936668
0.00024649443
0.010658952
0.00021026308
0.21292979
0.00027056847
0.22596882
0.0004621868
0.046381578
0.00014125303
0.04952157
0.00016830936
0.033891715
0.00012551951
0.037155192
0.00011610311
0.028266197
0.00011181206
0.020190665
0.0001074018
0.013633588
0.000102753125
0.009012732
9.95348e-05
0.0046718493
9.667406e-05
0.0032242953
9.2621325e-05
0.0022743093
8.7614986e-05
0.0016242181
8.225103e-05
0.0011436357
7.6648634e-05
0.0007852808
7.1165414e-05
0.00057561515
6.556296e-05
0.00045634824
5.9841273e-05
0.00037543877
5.3761945e-05
0.00031144536
4.7444173e-05
0.00025722056
4.0411134e-05
0.00021264676
3.7192607e-05
0.00021073982
3.5762147e-05
0.00017343447
3.4808505e-05
0.00014768941
3.3616456e-05
0.0001349358
3.2424403e-05
0.0001076402
3.087473e-05
0.00010346831
2.9444262e-05
8.821098e-05
2.7775379e-05
7.3191826e-05
2.6106494e-05
6.9138994e-05
2.4437606e-05
5.5430784e-05
2.2649509e-05
5.3285134e-05
2.0980615e-05
4.339124e-05
1.9192512e-05
3.70734e-05
1.7523613e-05
2.62257e-05
1.6093125e-05
3.9457496e-05
1.442422e-05
0.33795545
0.0010046678
0.47810957
0.00023183519
0.54855937
9.488609e-05
0.13277794
0.00013362468
1.3360174
0.00023076255
0.08791459
0.00018869051
0.14977907
0.0011829291
1.3839281
0.000109904926
0.27253678
0.00014041868
0.020324422
8.403902e-05
0.6919863
0.00020335037
1.0035751
