0.1971014440059662
0.18840579688549042
0.20579710602760315
0.18840579688549042
0.1826086938381195
0.18550725281238556
0.20000000298023224
0.21449275314807892
0.208695650100708
0.21159420907497406
0.22028985619544983
0.2289855033159256
0.23768116533756256
0.22608695924282074
0.24057970941066742
0.23188406229019165
0.25217390060424805
0.28985506296157837
0.26376810669898987
0.2492753565311432
0.28985506296157837
0.28405797481536865
0.3072463870048523
0.29855072498321533
0.21159420907497406
0.22028985619544983
0.2289855033159256
0.25797101855278015
0.269565224647522
0.3188405930995941
0.3391304314136505
0.3275362253189087
0.22028985619544983
0.21159420907497406
0.21449275314807892
0.19130434095859528
0.2028985470533371
0.208695650100708
0.22608695924282074
0.27246376872062683
0.2666666805744171
0.28985506296157837
0.33623188734054565
0.3391304314136505
0.4057970941066742
0.3478260934352875
0.3072463870048523
0.3275362253189087
0.3072463870048523
0.33623188734054565
0.35072463750839233
0.24347825348377228
0.2811594307422638
0.28405797481536865
0.31594201922416687
0.2869565188884735
0.260869562625885
0.269565224647522
0.3014492690563202
0.32463768124580383
0.3333333432674408
0.27246376872062683
0.32463768124580383
0.32463768124580383
0.3710145056247711
0.3333333432674408
0.365217387676239
0.33043476939201355
0.31014493107795715
0.3536231815814972
0.321739137172699
0.3333333432674408
0.32463768124580383
0.3449275493621826
0.321739137172699
0.28985506296157837
0.36811593174934387
0.36231884360313416
0.33623188734054565
0.38260868191719055
0.40289855003356934
0.3536231815814972
0.4115942120552063
0.313043475151062
0.33043476939201355
0.32463768124580383
0.35652172565460205
0.36811593174934387
0.36231884360313416
0.3188405930995941
0.3449275493621826
0.28985506296157837
0.20000000298023224
0.208695650100708
0.22028985619544983
0.2289855033159256
0.23188406229019165
0.260869562625885
0.260869562625885
0.30434781312942505
0.3014492690563202
0.3478260934352875
0.321739137172699
0.31594201922416687
0.34202897548675537
0.3536231815814972
0.38260868191719055
0.2666666805744171
0.3478260934352875
0.2927536368370056
0.321739137172699
0.31594201922416687
0.33043476939201355
0.36811593174934387
0.31014493107795715
0.31594201922416687
0.28985506296157837
0.208695650100708
0.21159420907497406
0.2231884002685547
0.23188406229019165
0.260869562625885
0.26376810669898987
0.25797101855278015
0.3014492690563202
0.3478260934352875
0.269565224647522
0.21739129722118378
0.24347825348377228
0.24347825348377228
0.2347826063632965
0.2231884002685547
0.22608695924282074
0.2289855033159256
0.23188406229019165
0.23768116533756256
0.24057970941066742
0.24637681245803833
0.2492753565311432
0.25797101855278015
0.2492753565311432
0.28405797481536865
0.313043475151062
0.32463768124580383
0.3333333432674408
0.35072463750839233
0.3449275493621826
0.2347826063632965
0.2492753565311432
0.24637681245803833
0.2869565188884735
0.30434781312942505
0.35072463750839233
0.2811594307422638
0.2666666805744171
0.29855072498321533
0.3275362253189087
0.34202897548675537
0.3391304314136505
0.373913049697876
0.3014492690563202
0.3594202995300293
0.33623188734054565
0.29855072498321533
0.321739137172699
0.31594201922416687
0.3536231815814972
0.3333333432674408
0.35072463750839233
0.36231884360313416
0.36811593174934387
0.36811593174934387
0.3449275493621826
0.365217387676239
0.33043476939201355
0.3391304314136505
0.3710145056247711
0.32463768124580383
0.33043476939201355
0.35072463750839233
0.3391304314136505
0.321739137172699
0.32463768124580383
0.33623188734054565
0.3478260934352875
0.3536231815814972
0.35072463750839233
0.35072463750839233
0.3710145056247711
0.35072463750839233
0.33623188734054565
0.36811593174934387
0.34202897548675537
0.34202897548675537
0.32463768124580383
0.3333333432674408
0.3478260934352875
0.3449275493621826
0.33623188734054565
0.3449275493621826
0.3478260934352875
0.3710145056247711
0.36231884360313416
0.35652172565460205
0.36231884360313416
0.365217387676239
0.365217387676239
0.35652172565460205
0.36811593174934387
0.3536231815814972
0.35072463750839233
0.36231884360313416
0.373913049697876
0.365217387676239
0.365217387676239
0.3478260934352875
0.3594202995300293
0.373913049697876
0.3710145056247711
0.373913049697876
0.3797101378440857
0.373913049697876
0.37681159377098083
0.4000000059604645
0.36231884360313416
0.3594202995300293
0.365217387676239
0.3594202995300293
0.38840579986572266
0.37681159377098083
0.3594202995300293
0.36811593174934387
0.3942028880119324
0.34202897548675537
0.3913043439388275
0.3594202995300293
0.3478260934352875
0.3536231815814972
0.30434781312942505
0.3536231815814972
0.3594202995300293
0.36231884360313416
0.23188406229019165
0.28405797481536865
0.33043476939201355
0.373913049697876
0.3797101378440857
0.365217387676239
0.35652172565460205
0.373913049697876
0.3797101378440857
0.373913049697876
0.3913043439388275
0.3971014618873596
0.3913043439388275
0.3971014618873596
0.4115942120552063
0.4115942120552063
0.41449275612831116
0.41449275612831116
0.426086962223053
0.4115942120552063
0.42898550629615784
0.40289855003356934
0.417391300201416
0.40289855003356934
0.40869563817977905
0.4115942120552063
0.4202898442745209
0.38260868191719055
0.40289855003356934
0.4115942120552063
0.4000000059604645
0.4057970941066742
0.41449275612831116
0.4202898442745209
0.38840579986572266
0.417391300201416
0.40289855003356934
0.40289855003356934
0.41449275612831116
0.4376811683177948
0.3449275493621826
0.3536231815814972
0.365217387676239
0.3942028880119324
0.40289855003356934
0.4000000059604645
0.4000000059604645
0.4000000059604645
0.3913043439388275
0.40869563817977905
0.40869563817977905
0.417391300201416
0.38840579986572266
0.41449275612831116
0.417391300201416
0.41449275612831116
0.4231884181499481
0.426086962223053
0.417391300201416
0.44057971239089966
0.3855072557926178
0.3942028880119324
0.40869563817977905
0.40289855003356934
0.3971014618873596
0.4231884181499481
0.373913049697876
0.4000000059604645
0.40869563817977905
0.40869563817977905
0.4202898442745209
0.4000000059604645
0.4000000059604645
0.4000000059604645
0.3855072557926178
0.426086962223053
0.41449275612831116
0.40289855003356934
0.4000000059604645
0.42898550629615784
0.417391300201416
0.4000000059604645
0.4202898442745209
0.42898550629615784
0.4376811683177948
0.40289855003356934
0.3855072557926178
0.42898550629615784
0.42898550629615784
0.4231884181499481
0.4057970941066742
0.4057970941066742
0.36231884360313416
0.40869563817977905
0.40289855003356934
0.37681159377098083
0.4202898442745209
0.38260868191719055
0.40289855003356934
0.3855072557926178
0.4000000059604645
0.2956521809101105
0.3072463870048523
0.34202897548675537
0.36231884360313416
0.35652172565460205
0.22028985619544983
0.19420289993286133
0.18840579688549042
0.18840579688549042
0.18840579688549042
0.18840579688549042
0.19130434095859528
0.19420289993286133
0.1971014440059662
0.19420289993286133
0.20000000298023224
0.20000000298023224
0.20000000298023224
0.19420289993286133
0.19420289993286133
0.1971014440059662
0.20000000298023224
0.2028985470533371
0.20579710602760315
0.20579710602760315
0.2028985470533371
0.20000000298023224
0.20000000298023224
0.2028985470533371
0.2028985470533371
0.20579710602760315
0.20579710602760315
0.20579710602760315
0.20579710602760315
0.20579710602760315
0.20000000298023224
0.208695650100708
0.22028985619544983
0.22608695924282074
0.23188406229019165
0.2347826063632965
0.2289855033159256
0.2231884002685547
0.2231884002685547
0.2231884002685547
0.2231884002685547
0.2289855033159256
0.2289855033159256
0.2289855033159256
0.22608695924282074
0.2231884002685547
0.22028985619544983
0.22608695924282074
0.2231884002685547
0.22608695924282074
0.23188406229019165
0.24057970941066742
0.21449275314807892
0.14202898740768433
0.13913042843341827
0.15362319350242615
0.15942029654979706
0.16521738469600677
0.16811594367027283
0.16811594367027283
0.16811594367027283
0.16811594367027283
0.16811594367027283
0.17101448774337769
0.17101448774337769
0.17101448774337769
0.17101448774337769
0.17101448774337769
0.17101448774337769
0.17391304671764374
0.17391304671764374
0.17101448774337769
0.17101448774337769
0.17101448774337769
0.17101448774337769
0.17101448774337769
0.17101448774337769
0.17101448774337769
0.17101448774337769
0.17101448774337769
0.17101448774337769
0.17101448774337769
0.17101448774337769
0.17101448774337769
0.17391304671764374
0.17391304671764374
0.17391304671764374
0.17391304671764374
0.17391304671764374
0.17391304671764374
0.17391304671764374
0.17391304671764374
0.17391304671764374
0.17391304671764374
0.17391304671764374
0.17391304671764374
0.17391304671764374
0.17391304671764374
0.17391304671764374
0.17391304671764374
0.17391304671764374
0.17391304671764374
0.17391304671764374
0.17391304671764374
0.17391304671764374
0.17391304671764374
0.17391304671764374
0.17391304671764374
0.17101448774337769
0.16811594367027283
0.16811594367027283
0.16811594367027283
0.16521738469600677
0.16521738469600677
0.16811594367027283
0.16811594367027283
0.16811594367027283
0.16521738469600677
0.16521738469600677
0.16231884062290192
0.16521738469600677
0.16521738469600677
0.15942029654979706
0.15942029654979706
0.15942029654979706
0.156521737575531
0.15942029654979706
0.15942029654979706
0.15942029654979706
0.15942029654979706
0.15942029654979706
0.15942029654979706
0.15942029654979706
0.156521737575531
0.156521737575531
0.156521737575531
0.156521737575531
0.15942029654979706
0.156521737575531
0.156521737575531
0.156521737575531
0.156521737575531
0.156521737575531
0.156521737575531
0.156521737575531
0.156521737575531
0.156521737575531
0.156521737575531
0.15942029654979706
0.15942029654979706
0.15942029654979706
0.15942029654979706
0.15942029654979706
0.15942029654979706
0.15942029654979706
0.15942029654979706
0.15942029654979706
0.15942029654979706
0.15942029654979706
0.15942029654979706
0.16231884062290192
0.16231884062290192
0.16231884062290192
0.16231884062290192
0.16231884062290192
0.16231884062290192
0.16521738469600677
0.16231884062290192
0.16521738469600677
0.16521738469600677
0.16231884062290192
0.16521738469600677
0.16521738469600677
0.16231884062290192
0.15942029654979706
0.16231884062290192
0.16231884062290192
0.16231884062290192
0.16231884062290192
0.16521738469600677
0.16231884062290192
0.16521738469600677
0.16231884062290192
0.17391304671764374
0.18550725281238556
0.18840579688549042
0.1826086938381195
0.1826086938381195
0.18550725281238556
0.18550725281238556
0.18550725281238556
0.18550725281238556
0.18550725281238556
0.18550725281238556
0.1826086938381195
0.18550725281238556
0.18550725281238556
0.18550725281238556
0.1826086938381195
0.18550725281238556
0.18550725281238556
0.18550725281238556
0.18550725281238556
0.18550725281238556
0.18550725281238556
0.18550725281238556
0.17971014976501465
0.17971014976501465
0.1768115907907486
0.1826086938381195
0.17971014976501465
0.1768115907907486
0.1826086938381195
0.17971014976501465
0.17391304671764374
0.1826086938381195
0.17971014976501465
0.17971014976501465
0.17391304671764374
0.17971014976501465
0.18550725281238556
0.18550725281238556
0.18550725281238556
0.18550725281238556
0.1826086938381195
0.17971014976501465
0.1768115907907486
0.17971014976501465
0.1826086938381195
0.18840579688549042
0.19130434095859528
0.19130434095859528
0.1971014440059662
0.19130434095859528
0.1971014440059662
0.1971014440059662
0.19420289993286133
0.18840579688549042
0.19130434095859528
0.1971014440059662
0.19130434095859528
0.18550725281238556
0.19130434095859528
0.17971014976501465
0.17971014976501465
0.18550725281238556
0.18840579688549042
0.18840579688549042
0.18840579688549042
0.19130434095859528
0.17971014976501465
0.18840579688549042
0.18840579688549042
0.20000000298023224
0.20000000298023224
0.1971014440059662
0.2028985470533371
0.1971014440059662
0.18550725281238556
0.1826086938381195
0.17391304671764374
0.18840579688549042
0.19420289993286133
0.19130434095859528
0.19130434095859528
0.17971014976501465
0.18550725281238556
0.18840579688549042
0.18550725281238556
0.18840579688549042
0.18550725281238556
0.18840579688549042
0.1826086938381195
0.1826086938381195
0.19130434095859528
0.18550725281238556
0.18550725281238556
0.18550725281238556
0.1826086938381195
0.18840579688549042
0.18550725281238556
0.19130434095859528
0.19130434095859528
0.18840579688549042
0.19130434095859528
0.1971014440059662
0.19420289993286133
0.19420289993286133
0.18840579688549042
0.1826086938381195
0.19420289993286133
0.1826086938381195
0.18550725281238556
0.18550725281238556
0.19130434095859528
0.17971014976501465
0.18840579688549042
0.18840579688549042
0.19130434095859528
0.18840579688549042
0.19130434095859528
0.19130434095859528
0.18550725281238556
0.1768115907907486
0.19420289993286133
0.1971014440059662
0.18840579688549042
0.1826086938381195
0.1826086938381195
0.1826086938381195
0.1971014440059662
0.19130434095859528
0.17971014976501465
0.1826086938381195
0.17971014976501465
0.19420289993286133
0.1768115907907486
0.1826086938381195
0.18550725281238556
0.19420289993286133
0.17971014976501465
0.17971014976501465
0.1826086938381195
0.1826086938381195
0.17971014976501465
0.18550725281238556
0.18840579688549042
0.19130434095859528
0.1826086938381195
0.1826086938381195
0.18550725281238556
0.18550725281238556
0.17971014976501465
0.1768115907907486
0.1826086938381195
0.19130434095859528
0.1826086938381195
0.1768115907907486
0.1768115907907486
0.17971014976501465
0.1768115907907486
0.1768115907907486
0.1768115907907486
0.1826086938381195
0.1826086938381195
0.18840579688549042
0.20000000298023224
0.1971014440059662
0.19130434095859528
0.19130434095859528
0.1826086938381195
0.18550725281238556
0.18550725281238556
0.18840579688549042
0.19130434095859528
0.19130434095859528
0.19130434095859528
0.19130434095859528
0.18550725281238556
0.19420289993286133
0.18840579688549042
0.19130434095859528
0.19130434095859528
0.19130434095859528
0.19420289993286133
0.19130434095859528
0.20000000298023224
0.18840579688549042
0.1971014440059662
0.19130434095859528
0.1971014440059662
0.18840579688549042
0.1971014440059662
0.18840579688549042
0.18840579688549042
0.18840579688549042
0.19130434095859528
0.18840579688549042
0.19420289993286133
0.18840579688549042
0.19130434095859528
0.19130434095859528
0.19130434095859528
0.18840579688549042
0.19420289993286133
0.20000000298023224
0.19420289993286133
0.1768115907907486
0.20000000298023224
0.19130434095859528
0.18840579688549042
0.19420289993286133
0.19420289993286133
0.1768115907907486
0.20000000298023224
0.19420289993286133
0.19420289993286133
0.1971014440059662
0.18550725281238556
0.20579710602760315
0.18550725281238556
0.21159420907497406
0.2028985470533371
0.208695650100708
0.2028985470533371
0.19420289993286133
0.20000000298023224
0.19420289993286133
0.2028985470533371
0.19130434095859528
0.20579710602760315
0.1971014440059662
0.20000000298023224
0.19130434095859528
0.20579710602760315
0.2028985470533371
0.20579710602760315
0.208695650100708
0.208695650100708
0.1971014440059662
0.1826086938381195
0.2028985470533371
0.1971014440059662
0.208695650100708
0.1971014440059662
0.208695650100708
0.19130434095859528
0.21159420907497406
0.1971014440059662
0.208695650100708
0.1971014440059662
0.208695650100708
0.18840579688549042
0.21739129722118378
0.22028985619544983
0.208695650100708
0.21449275314807892
0.208695650100708
0.20000000298023224
0.20000000298023224
0.1971014440059662
0.21159420907497406
0.20579710602760315
0.208695650100708
0.21159420907497406
0.208695650100708
0.208695650100708
0.208695650100708
0.22028985619544983
0.208695650100708
0.208695650100708
0.21159420907497406
0.21739129722118378
0.2028985470533371
0.20579710602760315
0.208695650100708
0.21159420907497406
0.21159420907497406
0.21159420907497406
0.21449275314807892
0.21739129722118378
0.208695650100708
0.21739129722118378
0.21449275314807892
0.22608695924282074
0.21739129722118378
0.21739129722118378
0.21449275314807892
0.21739129722118378
0.21159420907497406
0.20579710602760315
0.20579710602760315
0.21449275314807892
0.21159420907497406
0.2231884002685547
0.2231884002685547
0.2231884002685547
0.2231884002685547
0.21449275314807892
0.21449275314807892
0.2347826063632965
0.21739129722118378
0.21449275314807892
0.24057970941066742
0.2347826063632965
0.22028985619544983
0.18840579688549042
0.21449275314807892
0.21159420907497406
0.22608695924282074
0.20579710602760315
0.2231884002685547
0.23768116533756256
0.23768116533756256
0.23188406229019165
0.22028985619544983
0.2231884002685547
0.24637681245803833
0.2028985470533371
0.2289855033159256
0.20579710602760315
0.21159420907497406
0.2231884002685547
0.2289855033159256
0.2028985470533371
0.2028985470533371
0.22028985619544983
0.24057970941066742
0.2492753565311432
0.24057970941066742
0.21449275314807892
0.23768116533756256
0.21739129722118378
0.25217390060424805
0.18840579688549042
0.19130434095859528
0.19130434095859528
0.19420289993286133
0.19420289993286133
0.20000000298023224
0.208695650100708
0.21449275314807892
0.2231884002685547
0.2289855033159256
0.22608695924282074
0.22608695924282074
0.22608695924282074
0.21739129722118378
0.2231884002685547
0.2347826063632965
0.2289855033159256
0.2347826063632965
0.22028985619544983
0.2289855033159256
0.2347826063632965
0.2347826063632965
0.2347826063632965
0.2347826063632965
0.2347826063632965
0.23768116533756256
0.2347826063632965
0.23768116533756256
0.23768116533756256
0.2347826063632965
0.2347826063632965
0.2347826063632965
0.2347826063632965
0.2347826063632965
0.2347826063632965
0.2347826063632965
0.23768116533756256
0.23768116533756256
0.23768116533756256
0.23768116533756256
0.23768116533756256
0.23768116533756256
0.23768116533756256
0.23768116533756256
0.23768116533756256
0.23768116533756256
0.24057970941066742
0.24057970941066742
0.24057970941066742
0.23768116533756256
0.23768116533756256
0.23188406229019165
0.24057970941066742
0.208695650100708
0.2347826063632965
0.23188406229019165
0.2347826063632965
0.2347826063632965
0.23768116533756256
0.2347826063632965
0.2289855033159256
0.23188406229019165
0.23188406229019165
0.23188406229019165
0.2347826063632965
0.2347826063632965
0.2347826063632965
0.2289855033159256
0.2289855033159256
0.2289855033159256
0.2289855033159256
0.22608695924282074
0.2289855033159256
0.26376810669898987
0.20000000298023224
0.1768115907907486
0.16811594367027283
0.17391304671764374
0.17971014976501465
0.18840579688549042
0.19130434095859528
0.19420289993286133
0.18840579688549042
0.19130434095859528
0.18840579688549042
0.19130434095859528
0.18840579688549042
0.18550725281238556
0.18840579688549042
0.1826086938381195
0.17971014976501465
0.1826086938381195
0.17971014976501465
0.17971014976501465
0.1826086938381195
0.18550725281238556
0.1826086938381195
0.1826086938381195
0.1826086938381195
0.17971014976501465
0.17971014976501465
0.17971014976501465
0.17971014976501465
0.17971014976501465
0.1768115907907486
0.1768115907907486
0.1768115907907486
0.17971014976501465
0.17971014976501465
0.17971014976501465
0.17971014976501465
0.17971014976501465
0.1826086938381195
0.1826086938381195
0.1826086938381195
0.1826086938381195
0.1826086938381195
0.1826086938381195
0.1826086938381195
0.1826086938381195
0.1826086938381195
0.1826086938381195
0.1826086938381195
0.1826086938381195
0.1826086938381195
0.1826086938381195
0.1826086938381195
0.1826086938381195
0.17971014976501465
0.17971014976501465
0.17971014976501465
0.17971014976501465
0.17971014976501465
0.17971014976501465
0.17971014976501465
0.17971014976501465
0.17971014976501465
0.17971014976501465
