1.4465686
1.5908958
1.5985894
1.8776479
1.4628501
1.8916103
1.3252624
1.8641806
1.3211244
1.8244696
1.3316888
1.7744324
1.3443696
1.7258136
1.3517361
1.6862527
1.3509804
1.6573625
1.3314794
1.6414003
1.3017579
1.6388733
1.2819139
1.6370289
1.25438
1.6484907
1.2618212
1.7233028
1.2201501
1.9155238
1.3041391
1.8537977
2.0563767
1.5469569
1.721924
1.8400959
1.7363782
1.9380484
2.0504055
1.5494065
1.735243
1.4388738
1.7334315
1.6357707
1.7687815
1.8485513
2.1376076
1.6941142
1.9441974
1.9746389
1.889129
1.3293185
2.1339016
1.6134186
1.5408359
1.2473091
1.2447878
1.955184
1.5907316
1.7294974
1.290979
2.2888885
1.2855458
2.0649219
1.1292639
1.5737287
1.0872926
1.4433004
1.2790608
1.2973151
1.2735244
1.249496
1.1830716
1.2637904
1.1609101
1.2200578
1.2000508
1.1448045
1.1952273
1.2078499
1.197293
1.0759474
1.178844
1.1082146
1.1738648
1.1071485
1.1132753
1.1244577
1.1267749
1.2669575
1.1101084
1.2373021
1.1156036
1.5433006
1.1762415
1.3223871
1.1525227
1.0822376
1.2094837
1.1120505
1.0978756
1.14148
1.0939536
1.0316639
1.0928702
1.0615684
1.0749378
1.0706444
1.0606177
1.1176858
1.0712328
0.8395544
1.503299
1.3998276
1.6535654
1.5014088
1.5929146
1.5131618
1.4023099
1.7372471
1.1544439
1.4402777
1.503351
1.1360297
1.2819937
1.1731576
1.1547159
1.1916865
1.1666396
0.9924496
1.2597022
1.2687533
1.2427797
1.2954897
1.1944075
1.1819347
1.1975396
1.1740792
1.1729016
1.0810673
1.1374848
1.0872054
1.1220119
1.029088
1.116322
1.1061926
1.1194432
1.0505655
1.1241813
1.0543302
1.1143365
1.0210546
1.1114298
0.99149495
1.1230891
1.0384824
1.1267028
1.0220793
1.1252195
1.0263766
1.1215342
0.9821056
1.1092923
1.2212042
1.1125679
1.0282288
1.109496
1.0412271
1.1185871
1.1036236
1.1241498
1.0689576
1.1161859
1.0379932
1.1046407
1.0343901
1.1113178
1.4352994
1.1141062
1.2722723
1.1043137
0.9904474
1.1052153
1.1178894
1.1032436
1.3304794
1.166281
1.1563568
1.0978093
1.5175375
1.0887582
1.1970341
1.0876917
1.673078
1.082766
1.2727891
1.0795444
2.1397538
1.0889103
1.1228862
1.5253826
1.3173882
1.6209353
1.0740745
1.3201377
1.213452
1.3112226
1.2160661
1.2368917
1.0945187
1.1806564
1.2593268
1.185046
1.0043013
1.1385345
0.98434925
1.1419098
1.0276046
1.1526003
1.0039163
1.1492873
1.0991629
1.1263418
2.014022
1.1312016
0.99326634
1.1273761
1.1385257
1.120855
1.1143991
1.113467
0.9622282
1.1207945
1.0900233
1.1120067
1.1199067
1.1085167
1.4487928
1.0993087
1.0671827
1.1014156
1.0110153
1.0960472
0.9363954
1.0829172
1.0073342
1.0979882
1.2464857
1.0986353
0.9947859
1.0954744
0.9834957
1.1014682
1.0309677
1.1006188
0.9546416
1.1029775
1.2989595
1.0999475
1.4422439
1.0939865
1.4139066
1.0968951
1.8597901
1.0978242
0.9859623
1.1033281
0.9976202
1.110117
2.329525
1.0876861
0.9761505
1.0987017
2.0071516
1.096668
1.9533753
1.0931215
1.7469358
1.0964733
1.2118658
1.0702851
1.8190163
1.0851139
2.3750873
1.0938244
2.3704538
1.1000146
0.96316457
1.1098428
1.8382945
1.1095089
1.5115076
1.1125547
1.0304002
1.1102033
1.8714252
1.1114767
1.070519
1.1027836
1.0008962
1.1057894
0.9904305
1.1116334
1.0496083
1.1270745
0.9568322
1.123977
0.94172275
1.1353159
1.3695439
1.041247
1.1124557
1.1318388
0.9640605
1.1180979
0.9746777
1.1154633
2.139855
1.1128058
0.9705173
1.1047889
0.9709972
1.0806198
0.9769101
1.1045411
1.0294836
1.1011856
1.0048945
1.1075392
0.9765588
1.1002525
1.0937132
1.035252
1.151016
1.0601122
1.0397213
1.0754356
1.1898214
1.0765247
2.0497625
1.0829363
1.571858
1.095086
0.98524463
1.0801052
1.0536314
1.1090847
0.9816925
1.0973252
0.97409785
1.0939144
0.97480404
1.0914196
0.97109723
1.0712305
0.9697435
1.094438
1.126906
1.1005511
1.1306684
1.1175613
0.9755684
1.1058007
0.9614649
1.0601091
0.9507108
1.1133752
0.96761644
1.1055868
0.9731878
1.1024082
1.0859172
1.0919659
1.0360875
1.1362724
1.1512156
1.0802692
1.0121531
1.069654
0.97957873
1.0818142
1.0327346
1.09259
0.9711727
1.09339
0.97564137
1.0937847
1.0125052
1.0954723
0.97691405
1.0944651
0.973848
1.0852114
2.161328
1.0846199
1.5908673
1.097267
0.976829
1.0923375
0.972298
1.1054348
1.0502503
1.0973881
1.084783
1.0975206
0.9739388
1.0899369
0.97076094
1.1001078
0.9735743
1.1022333
1.9821937
1.0975906
0.9781762
1.0932381
2.580232
1.0867667
0.9715003
1.3038347
1.1596862
1.184239
1.1735561
1.1496308
1.1373746
1.1278868
1.11839
1.1285546
1.1189882
1.1209877
1.1338453
1.1140518
1.1321821
1.1106027
1.1290735
1.1086779
1.1335418
1.1073974
1.1376138
1.1068778
1.1353372
1.1050351
1.1318388
1.105064
1.088665
1.1063205
1.0834899
1.1024269
1.0844386
1.097591
1.0745834
1.0931426
1.0732676
1.0891702
1.162128
1.0869575
1.1343083
1.0831053
1.1055427
1.0828321
1.0484837
1.083321
1.3476455
1.0821452
1.1705911
1.0867682
0.97954106
1.0800669
0.97939396
1.089692
0.98073983
1.0815129
0.9817962
1.0765185
0.9833163
1.0732608
1.0503402
1.0854596
0.9944339
1.0685545
1.0327114
1.1112957
0.98841125
1.0998907
0.9889306
1.0960137
0.98749244
1.0896633
0.97896934
1.0869496
0.97930753
1.0751004
0.97268116
1.0842664
0.9775423
1.0840241
0.97595036
1.0795597
0.9758706
1.0825657
0.97769666
1.072819
0.97611284
1.0786197
0.9748266
1.0841213
0.9725032
1.0768827
1.088946
1.0633703
0.9805443
1.0777116
0.97983843
1.1080176
0.97011805
1.0966811
0.9741485
1.0995795
0.9775995
1.0874057
2.9008133
1.0894514
0.9819541
1.091767
0.98488104
1.0851014
0.9884064
1.0739772
0.99282444
1.0682725
0.9933559
1.0677136
0.9734345
1.077563
0.98070437
1.0818863
0.9876454
1.0720706
0.9848302
1.0774498
0.9424526
1.0999032
0.979026
1.073966
0.9909388
1.0631808
1.0000224
1.0601132
0.9694524
1.0611511
1.4681005
1.0792452
0.9906398
1.0685042
0.9650496
1.0809319
0.97998905
1.0645361
0.9942434
1.0695121
0.9973223
1.0598257
0.98280126
1.0587424
0.9721317
1.0480344
0.98587584
1.0519353
0.96907926
1.0423106
0.9783884
1.0616076
0.97218823
1.0671921
0.98648053
1.0593787
2.6561272
1.0800629
0.9729642
1.0724758
1.120794
1.082428
0.9799148
1.0784632
0.98049784
1.0764732
0.9642355
1.0679476
0.9794349
1.0777289
0.99148285
1.0698249
1.2859694
1.074475
0.9784745
1.0898768
0.98350406
1.0894599
0.9808384
1.089337
1.8547539
1.0813179
0.98525715
1.0935218
1.6493764
1.0739487
1.7205095
1.0709374
1.3731406
1.1010953
0.9520709
1.1021198
0.9883988
1.0971928
0.98392844
1.0993346
0.97154
1.1051537
1.0074409
1.1159256
0.96983415
1.1289469
0.985312
1.1043494
0.9900638
1.094482
1.1829016
1.1010783
1.0341403
1.1162552
1.0396369
1.1208282
1.0333033
1.1167088
1.0552454
1.1174052
1.0337732
1.1156021
1.0647562
1.117751
1.1843002
1.1039393
1.0839137
1.1217713
1.0439965
1.1111735
1.0391161
1.0995843
1.0893401
1.0902371
0.9748305
1.1016803
0.9780276
1.0919427
0.97065365
1.0856277
1.0208889
1.0770922
0.97044295
1.0955389
0.9903854
1.1270033
0.979897
1.1079102
0.9828804
1.104876
1.0175279
1.099607
0.97892463
1.1126032
0.99354225
1.08562
1.0411639
1.1004956
1.0709361
1.0660129
0.9705267
1.1021203
1.1283604
1.1117998
0.9793532
1.1086541
1.7188168
1.4732755
1.083752
1.2942338
1.0226047
1.2095563
0.97664857
1.1688483
0.97258633
1.1485821
0.9731223
1.1557188
0.96796864
1.119516
0.9598011
1.0850221
0.9344957
1.0383801
0.973932
1.0774237
0.96916354
1.0848764
0.9777467
1.0807847
0.9160403
1.0636353
0.9391017
1.0616275
1.589558
1.0706191
0.93082315
1.0588701
1.1905084
1.0760657
0.9450278
1.065776
0.9567408
1.0658613
0.94548666
1.0609485
0.9436434
1.068305
0.9062061
1.0669799
0.92905575
1.0557667
0.9194485
1.0571496
0.9260769
1.045956
0.9076399
1.059638
0.90147054
1.061347
0.932948
1.0526199
1.0602585
1.0636829
0.93074936
1.0693638
1.0596942
1.074058
0.9733876
1.0800246
0.9978428
1.0810229
0.94157314
1.0696741
0.9238111
1.0636965
0.90408444
1.0550954
0.9250935
1.0503789
0.9327792
1.0517763
0.93234086
1.0422002
0.93167
1.037477
0.92613626
1.0510871
0.9451293
1.046047
0.95310086
1.0420601
0.9277385
1.0541148
1.0169213
1.0652642
0.9511082
1.087054
0.9578215
1.0912781
0.97114515
1.0937278
0.9581884
1.0904114
0.98386
1.0868475
0.9544006
1.037008
0.9474176
1.0828499
0.9198211
1.0902783
0.93744653
1.0696986
0.93309206
1.07112
0.9298636
1.0586721
0.932407
1.0654591
0.9417063
1.0658959
0.9198023
1.0707834
0.92353326
